#Solids 1
Box1 1 1 0 0 vacuum
#Boundaries 4
PerfE1 -1
Rad1 1
1 1
2 1
#Nodes 142
7.6124999999999999e-04 2.6250000000000001e-05 2.0000000000000000e-03
-6.9999999999999999e-04 2.0000000000000000e-03 2.0000000000000000e-03
-2.7999999999999998e-04 -2.7999999999999998e-04 2.0000000000000000e-03
-4.8400424135374700e-04 7.4497808540083699e-04 8.5605501886476705e-04
6.9999999999999999e-04 2.7999999999999998e-04 0.0000000000000000e+00
4.8992000000000003e-04 1.0000000000000000e-04 2.0000000000000001e-04
7.7887831852363899e-04 4.2624247112457698e-04 2.4725321763342101e-04
7.6327999999999997e-04 1.0000000000000000e-04 2.0000000000000001e-04
4.2000000000000002e-04 -2.7999999999999998e-04 1.3999999999999999e-04
2.7999999999999998e-04 -2.7999999999999998e-04 2.7999999999999998e-04
5.8584669993631702e-04 -3.7966595489344898e-04 4.7865372726336200e-04
6.9999999999999999e-04 -2.0000000000000000e-03 0.0000000000000000e+00
-6.9999999999999999e-04 -2.7999999999999998e-04 0.0000000000000000e+00
-1.3999999999999999e-04 -2.7999999999999998e-04 0.0000000000000000e+00
-3.8019735283575002e-04 -3.7891261255254999e-04 1.6623091509389201e-04
-4.3750000000000001e-04 -5.2500000000000002e-05 0.0000000000000000e+00
1.3097219088995199e-03 1.1532331673195101e-03 6.7291492488410500e-04
1.1199999999999999e-03 2.0000000000000000e-03 0.0000000000000000e+00
2.0000000000000000e-03 2.0000000000000000e-03 0.0000000000000000e+00
1.1199999999999999e-03 2.0000000000000000e-03 2.0000000000000000e-03
-1.0500000000000000e-04 3.4999999999999997e-05 0.0000000000000000e+00
-4.8992000000000003e-04 -1.0000000000000000e-04 2.0000000000000001e-04
-6.9999999999999994e-05 1.0000000000000000e-04 2.0000000000000001e-04
-6.9999999999999994e-05 -1.0000000000000000e-04 2.0000000000000001e-04
2.7999999999999998e-04 -1.0000000000000000e-04 2.0000000000000001e-04
2.0417192037763501e-04 1.2051758849031000e-04 3.7263498126102301e-04
-9.7999999999999997e-04 -2.7999999999999998e-04 1.3999999999999999e-04
-1.1199999999999999e-03 -2.7999999999999998e-04 0.0000000000000000e+00
-2.0000000000000000e-03 -2.0000000000000000e-03 0.0000000000000000e+00
3.6749999999999999e-04 1.7499999999999998e-05 0.0000000000000000e+00
1.2035526499400700e-03 1.2281996292592100e-04 6.5762839435290195e-04
1.1199999999999999e-03 2.7999999999999998e-04 0.0000000000000000e+00
2.0000000000000000e-03 -2.0000000000000000e-03 2.0000000000000000e-03
1.0674416933748900e-03 -1.0686338722862201e-03 8.7034779984553902e-04
-1.1199999999999999e-03 0.0000000000000000e+00 0.0000000000000000e+00
-1.0945862894005500e-03 3.8808335037697901e-04 5.5430014364839502e-04
-1.1281499019762100e-03 -8.5211690127242904e-05 1.5155664959638901e-04
-2.0000000000000000e-03 2.0000000000000000e-03 0.0000000000000000e+00
-6.2887999999999996e-04 1.0000000000000000e-04 2.0000000000000001e-04
-7.6327999999999997e-04 -1.0000000000000000e-04 2.0000000000000001e-04
-5.4222272600142301e-04 -1.1777969470599299e-04 4.0367114607877199e-04
-1.2331484737533600e-03 -5.4270604234058798e-05 6.2286031296770897e-04
-8.5649922172750998e-04 -4.2054083957247803e-06 4.8819722530982901e-04
-9.6621913409275398e-04 -5.0527695997127102e-04 5.3503694889219997e-04
-6.4582628768677095e-04 -1.0179232303412500e-03 7.6384541903645005e-04
-2.7999999999999998e-04 -2.7999999999999998e-04 2.7999999999999998e-04
6.1232347276749303e-04 4.5220846937746800e-04 5.8468967845149897e-04
9.3426029419232004e-04 5.4321444207747302e-04 5.8578786570712301e-04
8.2503491014848803e-04 3.3544842543805600e-05 4.3114736587434102e-04
-7.0672465555794695e-04 -5.9836450178265698e-04 2.3229081295037999e-04
8.7499999999999992e-06 -4.3750000000000000e-05 2.7999999999999998e-04
5.7596272483572498e-05 4.5460137132612898e-04 6.2644582007145605e-04
3.2177285715769802e-04 4.6217092294879001e-04 2.5045609980074501e-04
-8.4478945450427404e-04 1.1738676924695700e-04 3.7087771199421601e-04
6.2887999999999996e-04 -1.0000000000000000e-04 2.0000000000000001e-04
-1.0000000000000000e-03 1.0000000000000000e-04 2.0000000000000001e-04
-1.1199999999999999e-03 2.7999999999999998e-04 0.0000000000000000e+00
-4.2000000000000002e-04 2.7999999999999998e-04 0.0000000000000000e+00
1.3999999999999999e-04 2.7999999999999998e-04 0.0000000000000000e+00
-1.3999999999999999e-04 2.7999999999999998e-04 1.3999999999999999e-04
2.7999999999999998e-04 -2.7999999999999998e-04 0.0000000000000000e+00
6.9999999999999999e-04 -2.7999999999999998e-04 0.0000000000000000e+00
-4.2000000000000002e-04 2.7999999999999998e-04 1.3999999999999999e-04
-8.4000000000000003e-04 2.7999999999999998e-04 0.0000000000000000e+00
-9.7999999999999997e-04 2.7999999999999998e-04 1.3999999999999999e-04
9.7999999999999997e-04 2.7999999999999998e-04 1.3999999999999999e-04
4.8343575894615201e-04 3.7282378961369902e-04 1.3296002773264900e-04
-1.0000000000000000e-03 -1.0000000000000000e-04 2.0000000000000001e-04
2.0000000000000000e-03 -2.0000000000000000e-03 0.0000000000000000e+00
0.0000000000000000e+00 -2.7999999999999998e-04 2.7999999999999998e-04
1.3999999999999999e-04 -2.7999999999999998e-04 1.3999999999999999e-04
1.0000000000000000e-03 -1.0000000000000000e-04 2.0000000000000001e-04
1.0024624796606900e-03 -5.9907623791779704e-04 1.9674909939503200e-04
1.1199999999999999e-03 -2.7999999999999998e-04 0.0000000000000000e+00
8.1845344269999799e-04 -6.1093076004824296e-04 6.6070242181971695e-04
7.4179946920496201e-04 -3.5677661348710801e-04 1.5938852650759501e-04
1.1213149157466200e-03 -5.6269850873698097e-04 3.2136009100531702e-04
0.0000000000000000e+00 -2.0000000000000000e-03 2.0000000000000000e-03
1.0000000000000000e-03 1.0000000000000000e-04 2.0000000000000001e-04
-1.3999999999999999e-04 -2.7999999999999998e-04 1.3999999999999999e-04
1.0000000000000000e-03 -1.0000000000000000e-04 0.0000000000000000e+00
-8.7486429968217495e-04 3.4556952982373902e-04 1.9633700738045301e-04
2.0000000000000000e-03 2.0000000000000000e-03 2.0000000000000000e-03
-2.0000000000000000e-03 -2.0000000000000000e-03 2.0000000000000000e-03
-2.0000000000000000e-03 2.0000000000000000e-03 2.0000000000000000e-03
1.0000000000000000e-03 5.0000000000000002e-05 5.0000000000000002e-05
8.8164000000000005e-04 1.0000000000000000e-04 2.0000000000000001e-04
1.0000000000000000e-03 0.0000000000000000e+00 1.0000000000000000e-04
1.0000000000000000e-03 0.0000000000000000e+00 2.0000000000000001e-04
1.0000000000000000e-03 0.0000000000000000e+00 5.0000000000000002e-05
1.0000000000000000e-03 -5.0000000000000002e-05 5.0000000000000002e-05
1.0000000000000000e-03 0.0000000000000000e+00 0.0000000000000000e+00
1.0000000000000000e-03 -1.0000000000000000e-04 1.4999999999999999e-04
1.0000000000000000e-03 -1.0000000000000000e-04 1.0000000000000000e-04
1.0000000000000000e-03 -5.0000000000000002e-05 1.4999999999999999e-04
1.1199999999999999e-03 0.0000000000000000e+00 0.0000000000000000e+00
1.0000000000000000e-03 5.0000000000000002e-05 1.4999999999999999e-04
1.0000000000000000e-03 -5.0000000000000002e-05 1.0000000000000000e-04
1.0000000000000000e-03 5.0000000000000002e-05 0.0000000000000000e+00
1.0000000000000000e-03 1.0000000000000000e-04 5.0000000000000002e-05
1.0000000000000000e-03 1.0000000000000000e-04 1.0000000000000000e-04
1.0000000000000000e-03 1.0000000000000000e-04 0.0000000000000000e+00
1.0000000000000000e-03 0.0000000000000000e+00 1.4999999999999999e-04
1.0000000000000000e-03 1.0000000000000000e-04 1.4999999999999999e-04
9.4081999999999998e-04 1.0000000000000000e-04 2.0000000000000001e-04
1.0000000000000000e-03 -5.0000000000000002e-05 2.0000000000000001e-04
1.0000000000000000e-03 -1.0000000000000000e-04 5.0000000000000002e-05
1.0000000000000000e-03 7.4999999999999993e-05 2.5000000000000001e-05
1.0000000000000000e-03 -7.4999999999999993e-05 1.7500000000000000e-04
1.0000000000000000e-03 -2.5000000000000001e-05 1.7500000000000000e-04
1.0000000000000000e-03 5.0000000000000002e-05 1.0000000000000000e-04
1.0000000000000000e-03 -5.0000000000000002e-05 0.0000000000000000e+00
1.0000000000000000e-03 2.5000000000000001e-05 2.5000000000000001e-05
-8.8164000000000005e-04 -1.0000000000000000e-04 2.0000000000000001e-04
-1.0000000000000000e-03 0.0000000000000000e+00 0.0000000000000000e+00
-1.0000000000000000e-03 -5.0000000000000002e-05 5.0000000000000002e-05
-1.0000000000000000e-03 0.0000000000000000e+00 1.0000000000000000e-04
-1.0000000000000000e-03 5.0000000000000002e-05 1.4999999999999999e-04
-1.0000000000000000e-03 -5.0000000000000002e-05 1.4999999999999999e-04
-1.0000000000000000e-03 0.0000000000000000e+00 2.0000000000000001e-04
-1.0000000000000000e-03 1.0000000000000000e-04 1.4999999999999999e-04
-1.0000000000000000e-03 1.0000000000000000e-04 1.0000000000000000e-04
-1.0000000000000000e-03 0.0000000000000000e+00 5.0000000000000002e-05
-1.0000000000000000e-03 5.0000000000000002e-05 5.0000000000000002e-05
-1.0000000000000000e-03 -1.0000000000000000e-04 5.0000000000000002e-05
-1.0000000000000000e-03 -1.0000000000000000e-04 1.0000000000000000e-04
-1.0000000000000000e-03 -1.0000000000000000e-04 0.0000000000000000e+00
-1.0000000000000000e-03 -1.0000000000000000e-04 1.4999999999999999e-04
-1.0000000000000000e-03 0.0000000000000000e+00 1.4999999999999999e-04
-1.0000000000000000e-03 -5.0000000000000002e-05 0.0000000000000000e+00
-9.4081999999999998e-04 -1.0000000000000000e-04 2.0000000000000001e-04
-1.0000000000000000e-03 5.0000000000000002e-05 0.0000000000000000e+00
-1.0000000000000000e-03 1.0000000000000000e-04 0.0000000000000000e+00
-1.0000000000000000e-03 5.0000000000000002e-05 1.0000000000000000e-04
-1.0000000000000000e-03 1.0000000000000000e-04 5.0000000000000002e-05
-1.0000000000000000e-03 5.0000000000000002e-05 2.0000000000000001e-04
-1.0000000000000000e-03 -5.0000000000000002e-05 1.0000000000000000e-04
-1.0000000000000000e-03 -7.4999999999999993e-05 1.2500000000000000e-04
-1.0000000000000000e-03 2.5000000000000001e-05 1.2500000000000000e-04
-1.0000000000000000e-03 7.4999999999999993e-05 1.2500000000000000e-04
-1.0000000000000000e-03 2.5000000000000001e-05 1.7500000000000000e-04
-1.0000000000000000e-03 -2.5000000000000001e-05 1.2500000000000000e-04
#Edges 794
1 3
0 3
2 3
1 2
0 2
0 1
5 7
4 7
6 7
5 6
4 6
4 5
9 11
8 11
10 11
9 10
8 10
8 9
13 15
12 15
14 15
13 14
12 14
12 13
17 19
16 19
18 19
17 18
16 18
16 17
21 23
20 23
22 23
21 22
20 22
20 21
22 25
5 25
24 25
22 24
5 24
5 22
26 28
12 28
27 28
26 27
12 27
12 26
22 29
20 29
24 29
20 24
18 31
16 31
30 31
18 30
16 30
30 33
0 33
32 33
30 32
0 32
0 30
35 37
34 37
36 37
35 36
34 36
34 35
38 40
21 40
39 40
38 39
21 39
21 38
41 43
2 43
42 43
41 42
2 42
2 41
40 45
2 45
44 45
40 44
2 44
2 40
35 42
35 41
2 35
46 48
0 48
47 48
46 47
0 47
0 46
43 49
40 49
44 49
43 44
40 43
24 50
22 50
25 50
21 45
20 45
23 45
25 52
22 52
51 52
25 51
22 51
0 51
46 51
25 46
0 25
38 53
3 53
40 53
3 40
3 38
7 54
5 54
48 54
7 48
5 48
39 55
38 55
53 55
39 53
35 56
34 56
37 56
50 51
17 31
23 50
23 24
57 59
17 59
58 59
57 58
17 58
17 57
29 61
8 61
60 61
29 60
8 60
8 29
20 59
20 58
20 57
17 47
6 47
17 46
6 46
6 17
17 62
3 62
51 62
17 51
3 51
3 17
5 52
46 52
5 46
17 52
56 64
37 64
63 64
56 63
37 63
35 64
17 65
4 65
31 65
4 31
4 17
16 65
17 66
4 66
58 66
4 58
47 65
16 47
36 67
26 67
41 67
36 41
26 41
26 36
32 68
11 68
33 68
11 33
11 32
28 43
26 43
28 41
45 69
23 69
50 69
45 50
13 70
11 70
60 70
13 60
11 60
11 13
28 49
28 44
48 71
7 71
54 71
61 73
11 73
72 73
61 72
11 72
11 61
33 74
11 74
72 74
33 72
61 75
11 75
72 75
68 73
68 72
72 76
68 76
73 76
33 76
11 77
9 77
69 77
11 69
9 69
9 70
69 70
42 53
40 42
39 42
47 78
30 78
48 78
30 48
30 47
15 79
13 79
20 79
15 20
13 20
14 79
15 45
15 21
45 79
14 45
20 70
20 60
70 79
11 79
69 79
11 45
45 77
10 75
8 75
30 76
30 68
18 68
18 32
46 66
5 66
52 66
52 58
10 48
10 46
0 10
3 37
1 37
17 37
1 17
24 54
29 54
5 29
30 74
0 74
9 46
0 9
9 50
9 25
9 24
6 65
5 10
10 54
5 9
9 54
8 54
54 75
54 61
59 62
51 59
57 62
22 62
22 59
20 62
15 62
15 57
24 70
24 60
6 66
52 59
38 51
40 51
38 62
22 38
61 80
54 80
75 80
63 81
37 81
64 81
38 81
3 81
62 81
8 24
8 70
28 36
27 36
28 37
28 34
27 34
15 22
15 38
23 70
23 79
9 23
44 77
2 77
0 77
10 77
74 77
10 74
32 77
33 77
14 21
12 21
14 49
14 44
14 40
18 82
16 82
19 82
30 82
32 82
0 82
11 14
11 44
28 77
11 28
11 12
11 49
12 49
19 47
19 30
0 19
19 46
19 51
15 39
12 39
37 62
37 57
44 83
28 83
77 83
2 83
3 84
1 84
37 84
35 84
3 35
2 84
22 58
29 58
30 65
65 78
3 42
31 78
73 80
73 75
41 84
37 41
83 84
41 83
37 83
5 58
4 29
85 87
7 87
86 87
85 86
7 86
7 85
48 88
30 88
78 88
85 89
7 89
87 89
89 91
7 91
90 91
89 90
7 90
87 90
75 93
54 93
92 93
75 92
54 92
71 92
71 75
92 94
54 94
93 94
7 94
7 93
30 95
18 95
68 95
31 95
90 95
89 95
91 95
87 95
85 95
78 95
88 95
4 91
61 91
7 61
4 61
7 80
7 29
35 55
34 55
36 55
39 43
47 86
6 86
65 86
43 83
3 19
1 19
74 76
71 76
71 74
30 71
88 96
78 96
95 96
90 97
7 97
93 97
90 93
87 97
94 97
87 94
95 97
93 95
94 95
7 98
4 98
91 98
65 100
31 100
99 100
65 99
31 99
86 100
86 99
85 100
85 99
95 100
95 99
95 101
31 101
99 101
94 102
87 102
95 102
88 102
86 102
96 102
86 96
86 88
87 96
65 103
31 103
100 103
78 103
95 103
96 103
96 100
65 104
47 104
86 104
78 104
48 104
48 86
88 104
96 104
103 104
48 105
30 105
88 105
71 105
86 105
95 105
100 104
7 99
4 101
4 99
7 105
92 95
71 95
74 75
6 48
48 74
48 75
12 43
12 40
54 106
7 106
93 106
80 106
75 106
73 106
73 93
90 106
80 90
95 106
80 95
73 95
85 107
7 107
98 107
85 98
95 107
95 98
101 107
98 101
99 107
71 108
54 108
92 108
94 108
7 108
105 108
94 105
95 108
88 109
86 109
102 109
95 109
94 109
105 109
86 110
85 110
100 110
87 110
95 110
96 110
80 111
7 111
90 111
91 111
95 111
61 111
85 112
7 112
89 112
91 112
95 112
98 112
42 113
39 113
43 113
43 67
42 67
55 56
55 64
7 102
7 109
4 107
15 114
12 114
39 114
38 114
63 114
38 63
15 63
73 92
71 73
30 73
53 81
35 53
2 51
2 69
2 50
40 50
22 40
23 40
2 9
2 25
113 116
39 116
115 116
113 115
39 115
36 117
34 117
55 117
67 119
36 119
118 119
67 118
36 118
56 121
34 121
120 121
56 120
34 120
55 120
117 120
114 122
34 122
115 122
114 115
34 115
34 114
116 122
34 116
39 122
114 123
34 123
122 123
116 123
39 123
113 125
26 125
124 125
113 124
26 124
26 113
115 125
115 124
115 126
34 126
124 126
34 124
36 116
36 115
36 124
36 125
27 124
27 126
39 126
39 124
38 120
38 117
39 117
64 120
38 123
41 119
63 123
26 39
26 126
12 126
42 119
35 81
71 72
7 65
36 127
26 127
125 127
67 127
118 127
118 128
36 128
119 128
113 128
113 119
113 118
39 129
12 129
114 129
126 129
34 129
115 129
43 130
26 130
113 130
67 130
42 130
118 130
119 130
127 130
114 131
34 131
123 131
123 132
34 132
131 132
63 131
63 132
121 133
34 133
123 133
121 123
116 133
39 133
56 134
34 134
121 134
132 134
56 132
63 134
123 134
55 135
36 135
117 135
41 135
119 135
41 55
42 135
113 135
39 135
113 117
38 133
38 121
125 130
38 134
42 55
27 125
62 63
57 63
115 136
113 136
116 136
125 136
36 136
118 137
36 137
127 137
125 137
113 137
130 137
136 137
36 138
34 138
117 138
116 138
113 138
39 138
128 138
117 128
133 138
117 139
34 139
120 139
121 139
38 139
133 139
117 140
36 140
128 140
119 140
113 140
135 140
118 141
36 141
128 141
113 141
116 141
136 141
39 139
138 139
138 141
137 141
38 64
64 121
64 134
53 64
#Faces 1266
0 1 2 3 4 5
0 2 3 2 1 4
0 1 3 0 1 5
1 2 3 2 0 3
4 5 6 9 10 11
4 6 7 8 7 10
4 5 7 6 7 11
5 6 7 8 6 9
8 9 10 15 16 17
8 10 11 14 13 16
8 9 11 12 13 17
9 10 11 14 12 15
12 13 14 21 22 23
12 14 15 20 19 22
12 13 15 18 19 23
13 14 15 20 18 21
16 17 18 27 28 29
16 18 19 26 25 28
16 17 19 24 25 29
17 18 19 26 24 27
20 21 22 33 34 35
20 22 23 32 31 34
20 21 23 30 31 35
21 22 23 32 30 33
5 22 24 39 40 41
5 24 25 38 37 40
22 24 25 38 36 39
5 22 25 36 37 41
12 26 27 45 46 47
26 27 28 44 42 45
12 26 28 42 43 47
12 27 28 44 43 46
22 24 29 50 48 39
20 22 24 39 51 34
20 24 29 50 49 51
20 22 29 48 49 34
16 30 31 54 53 56
18 30 31 54 52 55
16 18 30 55 56 28
16 18 31 52 53 28
30 32 33 59 57 60
0 30 32 60 61 62
0 32 33 59 58 61
0 30 33 57 58 62
34 35 36 66 67 68
34 36 37 65 64 67
34 35 37 63 64 68
35 36 37 65 63 66
21 38 39 72 73 74
38 39 40 71 69 72
21 38 40 69 70 74
21 39 40 71 70 73
41 42 43 77 75 78
2 41 43 75 76 80
2 41 42 78 79 80
2 42 43 77 76 79
40 44 45 83 81 84
2 44 45 83 82 85
2 40 44 84 85 86
2 40 45 81 82 86
35 41 42 78 87 88
2 35 41 88 80 89
2 35 42 87 79 89
46 47 48 92 90 93
0 46 48 90 91 95
0 46 47 93 94 95
0 47 48 92 91 94
43 44 49 98 96 99
40 43 44 99 84 100
40 43 49 96 97 100
40 44 49 98 97 84
22 24 50 101 102 39
24 25 50 103 101 38
22 25 50 103 102 36
2 43 44 99 85 76
2 40 43 100 76 86
20 23 45 106 105 31
20 21 45 104 105 35
21 23 45 106 104 30
22 51 52 109 108 111
22 25 52 107 108 36
22 25 51 110 111 36
25 51 52 109 107 110
25 46 51 113 110 114
0 25 51 110 112 115
0 46 51 113 112 95
0 25 46 114 95 115
3 40 53 118 117 119
3 38 53 116 117 120
38 40 53 118 116 69
3 38 40 69 119 120
5 7 54 121 122 6
5 48 54 123 122 125
5 7 48 124 125 6
7 48 54 123 121 124
38 39 55 126 127 72
38 53 55 128 127 116
38 39 53 129 116 72
39 53 55 128 126 129
34 35 56 130 131 68
35 37 56 132 130 63
34 37 56 132 131 64
25 50 51 133 110 103
22 50 51 133 111 102
16 17 31 134 53 29
17 18 31 52 134 27
22 23 24 136 39 32
22 23 50 135 102 32
23 24 50 101 135 136
57 58 59 139 137 140
17 57 59 137 138 142
17 57 58 140 141 142
17 58 59 139 138 141
8 60 61 145 144 147
8 29 60 146 147 148
29 60 61 145 143 146
8 29 61 143 144 148
20 57 58 140 150 151
20 57 59 137 149 151
20 58 59 139 149 150
6 46 47 93 153 155
17 46 47 93 152 154
6 17 46 154 155 156
6 17 47 152 153 156
3 51 62 159 158 161
3 17 51 160 161 162
3 17 62 157 158 162
17 51 62 159 157 160
5 46 52 164 163 165
5 25 52 107 163 37
25 46 52 164 107 114
5 25 46 114 165 37
46 51 52 109 164 113
17 46 51 113 160 154
17 51 52 109 166 160
17 46 52 164 166 154
56 63 64 169 167 170
37 56 64 167 168 132
37 56 63 170 171 132
37 63 64 169 168 171
35 56 64 167 172 130
35 37 64 168 172 63
5 22 52 108 163 41
4 31 65 175 174 176
4 17 65 173 174 177
4 17 31 134 176 177
17 31 65 175 173 134
16 31 65 175 178 53
16 17 65 173 178 29
4 58 66 181 180 182
17 58 66 181 179 141
4 17 58 141 182 177
4 17 66 179 180 177
16 47 65 183 178 184
16 17 47 152 184 29
17 47 65 183 173 152
26 36 67 185 186 190
26 41 67 187 186 189
26 36 41 188 189 190
36 41 67 187 185 188
11 32 68 191 192 195
11 32 33 59 194 195
11 33 68 193 192 194
32 33 68 193 191 59
26 41 43 75 197 189
26 28 43 196 197 42
26 28 41 198 189 42
28 41 43 75 196 198
45 50 69 201 199 202
23 45 50 202 135 106
23 45 69 199 200 106
23 50 69 201 200 135
13 60 70 205 203 206
11 13 70 203 204 208
11 60 70 205 204 207
11 13 60 206 207 208
39 40 53 118 129 71
28 44 49 98 209 210
28 43 49 96 209 196
28 43 44 99 210 196
7 54 71 213 212 121
7 48 71 211 212 124
48 54 71 213 211 123
61 72 73 216 214 217
11 61 72 217 218 219
11 72 73 216 215 218
11 61 73 214 215 219
33 72 74 222 220 223
11 72 74 222 221 218
11 33 74 220 221 194
11 33 72 223 218 194
20 23 24 136 51 31
8 11 60 207 147 13
8 11 61 219 144 13
11 60 61 145 219 207
11 72 75 226 225 218
11 61 75 224 225 219
61 72 75 226 224 217
11 68 72 228 218 192
11 68 73 227 215 192
68 72 73 216 227 228
33 68 72 228 223 193
68 72 76 229 230 228
72 73 76 231 229 216
68 73 76 231 230 227
33 72 76 229 232 223
33 68 76 230 232 193
9 11 69 236 237 12
11 69 77 235 233 236
9 69 77 235 234 237
9 11 77 233 234 12
9 69 70 239 238 237
11 69 70 239 204 236
9 11 70 204 238 12
39 40 42 241 242 71
39 42 53 240 129 242
40 42 53 240 118 241
2 40 42 241 79 86
40 42 43 77 100 241
30 47 78 243 244 247
47 48 78 245 243 92
30 47 48 92 246 247
30 48 78 245 244 246
0 30 47 247 94 62
0 30 48 246 91 62
15 20 79 250 248 251
13 15 79 248 249 18
13 20 79 250 249 252
13 15 20 251 252 18
14 15 79 248 253 20
13 14 79 253 249 21
15 20 45 105 254 251
15 21 45 104 254 255
15 20 21 35 255 251
15 45 79 256 248 254
20 45 79 256 250 105
14 15 45 254 257 20
14 45 79 256 253 257
20 60 70 205 258 259
13 20 60 259 206 252
13 20 70 258 203 252
20 70 79 260 250 258
13 70 79 260 249 203
11 70 79 260 261 204
11 13 79 249 261 208
11 69 79 262 261 236
69 70 79 260 262 239
11 45 69 199 236 263
11 45 79 256 261 263
45 69 79 262 256 199
11 45 77 264 233 263
45 69 77 235 264 199
8 11 75 225 266 13
10 11 75 225 265 14
8 10 75 265 266 16
8 61 75 224 266 144
30 68 76 230 267 268
30 33 76 232 267 57
30 33 68 193 268 57
30 32 68 191 268 60
18 30 32 60 270 55
18 30 68 268 269 55
18 32 68 191 269 270
5 52 66 273 272 163
5 46 66 271 272 165
46 52 66 273 271 164
17 52 66 273 179 166
17 46 66 271 179 154
17 52 58 274 141 166
52 58 66 181 273 274
0 10 46 276 95 277
10 46 48 90 275 276
0 10 48 275 91 277
1 3 37 278 279 0
1 17 37 280 279 281
3 17 37 280 278 162
1 3 17 162 281 0
5 29 54 283 122 284
24 29 54 283 282 50
5 24 29 50 284 40
5 24 54 282 122 40
5 22 29 48 284 41
0 30 74 285 286 62
30 33 74 220 285 57
0 33 74 220 286 58
0 9 46 287 95 288
9 10 46 276 287 15
0 9 10 15 277 288
9 24 25 38 290 291
9 25 50 103 289 290
9 24 50 101 289 291
0 9 25 290 115 288
9 25 46 114 287 290
6 17 65 173 292 156
4 6 65 292 174 10
4 6 17 156 177 10
6 47 65 183 292 153
5 10 46 276 165 293
5 46 48 90 125 165
5 10 48 275 125 293
5 10 54 294 122 293
10 48 54 123 294 275
5 9 25 290 37 295
5 9 24 291 40 295
5 9 46 287 165 295
5 9 10 15 293 295
5 9 54 296 122 295
9 10 54 294 296 15
9 24 54 282 296 291
8 9 54 296 297 17
8 10 54 294 297 16
8 54 75 298 266 297
10 54 75 298 265 294
8 54 61 299 144 297
54 61 75 224 298 299
8 29 54 283 297 148
29 54 61 299 143 283
17 59 62 300 157 138
17 51 59 301 138 160
51 59 62 300 159 301
57 59 62 300 302 137
17 57 62 302 157 142
22 59 62 300 303 304
22 51 59 301 304 111
22 51 62 159 303 111
20 59 62 300 305 149
20 22 62 303 305 34
20 22 59 304 149 34
20 57 62 302 305 151
15 20 62 305 306 251
15 57 62 302 306 307
15 20 57 151 307 251
20 24 60 309 259 51
20 24 70 308 258 51
24 60 70 205 308 309
20 29 60 146 259 49
24 29 60 146 309 50
6 17 66 179 310 156
6 46 66 271 310 155
4 6 66 310 180 10
5 6 66 310 272 9
5 6 46 155 165 9
4 5 66 272 180 11
17 52 59 311 138 166
51 52 59 311 301 109
52 58 59 139 311 274
22 52 59 311 304 108
38 40 51 313 312 69
3 40 51 313 161 119
3 38 51 312 161 120
38 51 62 159 314 312
22 38 62 314 303 315
22 38 51 312 111 315
3 38 62 314 158 120
54 75 80 318 317 298
61 75 80 318 316 224
54 61 80 316 317 299
37 64 81 321 320 168
37 63 81 319 320 171
63 64 81 321 319 169
38 62 81 324 322 314
3 38 81 322 323 120
3 62 81 324 323 158
8 24 60 309 147 325
8 24 29 50 148 325
8 24 54 282 297 325
8 9 24 291 325 17
8 11 70 204 326 13
8 60 70 205 326 147
8 9 70 238 326 17
8 24 70 308 326 325
9 24 70 308 238 291
26 28 36 327 190 42
28 36 41 188 198 327
26 27 36 328 190 45
27 28 36 327 328 44
28 34 36 67 327 330
28 36 37 65 329 327
28 34 37 64 329 330
27 28 34 330 331 44
27 34 36 67 328 331
15 20 22 34 332 251
15 21 22 33 332 255
15 22 62 303 306 332
15 22 38 315 333 332
15 21 38 74 333 255
21 22 38 315 74 33
15 38 62 314 306 333
23 24 70 308 334 136
20 23 70 334 258 31
23 70 79 260 335 334
23 69 79 262 335 200
23 69 70 239 334 200
20 23 79 335 250 31
23 45 79 256 335 106
9 23 70 334 238 336
9 23 24 136 291 336
9 23 69 200 237 336
9 23 50 135 289 336
9 50 69 201 237 289
44 45 77 264 337 83
2 45 77 264 338 82
2 44 77 337 338 85
0 9 77 234 339 288
0 10 77 340 339 277
9 10 77 340 234 15
10 11 77 233 340 14
10 74 77 341 340 342
11 74 77 341 233 221
10 11 74 221 342 14
0 74 77 341 339 286
0 10 74 342 286 277
32 33 77 344 343 59
11 32 77 343 233 195
11 33 77 344 233 194
0 32 77 343 339 61
0 33 77 344 339 58
33 74 77 341 344 220
14 21 45 104 257 345
14 15 21 255 345 20
12 14 21 345 346 22
12 15 21 255 346 19
14 40 49 97 347 349
14 44 49 98 347 348
14 40 44 84 348 349
14 40 45 81 257 349
14 44 45 83 257 348
14 21 40 70 349 345
21 40 45 81 104 70
16 19 82 352 351 25
16 18 82 350 351 28
18 19 82 352 350 26
18 30 82 353 350 55
16 30 82 353 351 56
30 32 82 354 353 60
18 32 82 354 350 270
0 30 82 353 355 62
0 32 82 354 355 61
11 13 14 21 356 208
11 14 79 253 261 356
11 14 45 257 263 356
11 14 44 348 357 356
11 44 45 83 263 357
11 44 77 337 233 357
11 28 77 358 233 359
11 28 44 210 357 359
28 44 77 337 358 210
11 12 14 22 356 360
11 12 13 23 208 360
11 44 49 98 361 357
11 28 49 209 361 359
11 14 49 347 361 356
11 12 49 362 361 360
11 12 28 43 359 360
12 28 49 209 362 43
12 14 49 347 362 22
16 19 47 363 184 25
17 19 47 363 152 24
19 30 47 247 363 364
0 19 47 363 94 365
0 19 30 364 62 365
16 19 30 364 56 25
16 30 47 247 184 56
19 30 82 353 352 364
0 19 82 352 355 365
17 19 46 366 154 24
19 46 47 93 363 366
0 19 46 366 95 365
17 19 51 367 160 24
19 46 51 113 367 366
0 19 51 367 112 365
12 15 39 368 369 19
15 21 39 73 368 255
12 21 39 73 369 346
15 38 39 72 368 333
37 57 62 302 370 371
17 37 57 371 142 280
17 37 62 370 157 280
3 37 62 370 158 278
37 62 81 324 320 370
3 37 81 320 323 278
44 77 83 374 372 337
28 44 83 372 373 210
28 77 83 374 373 358
2 44 83 372 375 85
2 77 83 374 375 338
3 37 84 378 376 278
1 3 84 376 377 0
1 37 84 378 377 279
35 37 84 378 379 63
3 35 84 379 376 380
3 35 37 63 278 380
2 3 84 376 381 2
1 2 84 381 377 3
2 35 84 379 381 89
2 3 35 380 89 2
22 58 59 139 304 382
22 52 58 274 382 108
20 22 58 382 150 34
22 29 58 383 382 48
20 29 58 383 150 49
30 31 65 175 384 54
16 30 65 384 178 56
30 47 65 183 384 247
30 65 78 385 244 384
47 65 78 385 243 183
3 35 42 87 386 380
2 3 42 386 79 2
3 40 42 241 386 119
2 3 40 119 86 2
3 42 53 240 117 386
31 65 78 385 387 175
30 31 78 387 244 54
61 73 75 389 224 214
61 73 80 388 316 214
73 75 80 318 388 389
72 73 75 389 226 216
37 41 84 390 378 391
35 37 41 391 88 63
35 41 84 390 379 88
37 41 83 393 394 391
37 83 84 392 378 394
41 83 84 392 390 393
2 41 84 390 381 80
2 83 84 392 381 375
2 41 83 393 375 80
36 37 41 391 188 65
35 36 41 188 88 66
28 37 41 391 198 329
28 37 83 394 373 329
28 41 83 393 373 198
5 22 58 382 395 41
5 52 58 274 395 163
5 29 58 383 395 284
5 58 66 181 272 395
4 5 58 395 182 11
4 5 29 284 396 11
4 29 58 383 182 396
7 85 86 400 401 402
85 86 87 399 397 400
7 85 87 397 398 402
7 86 87 399 398 401
30 48 88 403 404 246
48 78 88 405 403 245
30 78 88 405 404 244
7 85 89 406 407 402
85 87 89 408 406 397
7 87 89 408 407 398
7 89 90 412 413 407
89 90 91 411 409 412
7 89 91 409 410 407
7 90 91 411 410 413
87 89 90 412 414 408
7 87 90 414 413 398
54 75 92 418 419 298
75 92 93 417 415 418
54 92 93 417 416 419
54 75 93 415 416 298
54 71 92 420 419 213
71 75 92 418 420 421
54 71 75 421 298 213
54 93 94 424 423 416
54 92 94 422 423 419
92 93 94 424 422 417
7 54 94 423 425 121
7 54 93 416 426 121
7 93 94 424 425 426
30 68 95 429 427 268
18 68 95 429 428 269
18 30 95 427 428 55
30 31 95 430 427 54
18 31 95 430 428 52
89 90 95 431 432 412
89 91 95 433 432 409
90 91 95 433 431 411
87 89 95 432 434 408
85 87 95 434 435 397
85 89 95 432 435 406
87 90 95 431 434 414
30 78 95 436 427 244
31 78 95 436 430 387
30 88 95 437 427 404
78 88 95 437 436 405
7 61 91 439 410 440
4 61 91 439 438 441
4 7 91 410 438 7
4 7 61 440 441 7
7 54 61 299 440 121
7 54 80 317 442 121
7 61 80 316 442 440
5 7 29 443 284 6
4 7 29 443 396 7
7 29 54 283 121 443
7 29 61 143 440 443
4 29 61 143 441 396
34 35 55 444 445 68
35 36 55 446 444 66
34 36 55 446 445 67
39 40 43 100 447 71
39 42 43 77 447 242
6 47 86 448 449 153
6 65 86 450 449 292
47 65 86 450 448 183
2 43 83 451 375 76
43 44 83 372 451 99
41 43 83 451 393 75
28 43 83 451 373 196
3 17 19 24 452 162
1 17 19 24 453 281
1 3 19 452 453 0
3 19 51 367 161 452
0 3 19 452 365 1
0 1 19 453 365 5
0 3 51 161 112 1
72 74 76 454 229 222
33 74 76 454 232 220
30 74 76 454 267 285
30 71 74 456 285 457
71 74 76 454 455 456
30 71 76 455 267 457
88 95 96 460 458 437
78 88 96 458 459 405
78 95 96 460 459 436
7 90 97 461 462 413
7 93 97 463 462 426
90 93 97 463 461 464
7 90 93 464 426 413
87 90 97 461 465 414
7 87 97 465 462 398
7 94 97 466 462 425
93 94 97 466 463 424
87 94 97 466 465 467
7 87 94 467 425 398
90 95 97 468 461 431
93 95 97 468 463 469
90 93 95 469 431 464
87 95 97 468 465 434
94 95 97 468 466 470
93 94 95 470 469 424
87 94 95 470 434 467
4 7 98 471 472 7
7 91 98 473 471 410
4 91 98 473 472 438
31 65 99 477 478 175
31 99 100 476 475 478
65 99 100 476 474 477
31 65 100 474 475 175
65 86 99 480 477 450
86 99 100 476 479 480
65 86 100 479 474 450
85 86 99 480 482 400
85 99 100 476 481 482
85 86 100 479 481 400
31 95 99 484 478 430
95 99 100 476 483 484
31 95 100 483 475 430
31 99 101 487 486 478
95 99 101 487 485 484
31 95 101 485 486 430
85 95 99 484 482 435
85 95 100 483 481 435
94 95 102 490 488 470
87 95 102 490 489 434
87 94 102 488 489 467
86 96 102 493 492 494
88 96 102 493 491 458
86 88 102 491 492 495
86 88 96 458 494 495
86 87 102 489 492 399
87 96 102 493 489 496
86 87 96 496 494 399
95 96 102 493 490 460
88 95 102 490 491 437
87 95 96 460 496 434
31 65 103 497 498 175
65 100 103 499 497 474
31 100 103 499 498 475
31 78 103 500 498 387
65 78 103 500 497 385
31 95 103 501 498 430
95 100 103 499 501 483
78 95 103 501 500 436
95 96 103 502 501 460
96 100 103 499 502 503
95 96 100 503 483 460
78 96 103 502 500 459
47 65 104 504 505 183
47 86 104 506 505 448
65 86 104 506 504 450
65 78 104 507 504 385
47 78 104 507 505 243
47 48 104 508 505 92
48 86 104 506 508 509
47 48 86 509 448 92
48 78 104 507 508 245
48 88 104 510 508 403
86 88 104 510 506 495
48 86 88 495 403 509
78 88 104 510 507 405
88 96 104 511 510 458
86 96 104 511 506 494
78 96 104 511 507 459
65 103 104 512 504 497
78 103 104 512 507 500
96 103 104 512 511 502
30 48 105 513 514 246
48 88 105 515 513 403
30 88 105 515 514 404
30 71 105 516 514 457
48 71 105 516 513 211
30 48 71 211 457 246
48 86 105 517 513 509
86 88 105 515 517 495
30 95 105 518 514 427
88 95 105 518 515 437
65 100 104 519 504 474
86 100 104 519 506 479
100 103 104 512 519 499
96 100 104 519 511 503
86 96 100 503 479 494
7 85 99 482 520 402
7 86 99 480 520 401
4 31 99 478 522 176
4 31 101 486 521 176
4 99 101 487 521 522
4 65 99 477 522 174
7 48 105 513 523 124
7 71 105 516 523 212
7 86 105 517 523 401
7 48 86 509 401 124
92 93 95 469 524 417
92 94 95 470 524 422
30 71 95 525 427 457
71 95 105 518 516 525
11 74 75 526 225 221
10 74 75 526 265 342
72 74 75 526 226 222
6 47 48 92 527 153
6 48 86 509 449 527
6 46 48 90 527 155
6 7 48 124 527 8
6 7 86 401 449 8
5 6 48 527 125 9
0 48 74 528 286 91
10 48 74 528 342 275
30 48 74 528 285 246
48 71 74 456 528 211
48 54 75 298 529 123
48 71 75 421 529 211
10 48 75 529 265 275
48 74 75 526 529 528
71 74 75 526 421 456
12 28 43 196 530 43
12 26 43 197 530 47
12 43 49 96 362 530
12 21 40 70 531 346
12 39 40 71 531 369
12 40 43 100 530 531
12 39 43 447 530 369
12 40 49 97 362 531
12 14 40 349 531 22
7 54 106 532 533 121
7 93 106 534 533 426
54 93 106 534 532 416
54 80 106 535 532 317
7 80 106 535 533 442
54 75 106 536 532 298
75 93 106 534 536 415
75 80 106 535 536 318
73 75 106 536 537 389
73 93 106 534 537 538
73 75 93 415 538 389
73 80 106 535 537 388
7 90 106 539 533 413
90 93 106 534 539 464
80 90 106 539 535 540
7 80 90 540 413 442
90 95 106 541 539 431
93 95 106 541 534 469
80 95 106 541 535 542
80 90 95 431 542 540
73 95 106 541 537 543
73 93 95 469 543 538
73 80 95 542 543 388
7 98 107 546 545 471
7 85 107 544 545 402
85 98 107 546 544 547
7 85 98 547 471 402
95 98 107 546 548 549
85 95 107 548 544 435
85 95 98 549 547 435
95 101 107 550 548 485
98 101 107 550 546 551
95 98 101 551 485 549
95 99 107 552 548 484
85 99 107 552 544 482
99 101 107 550 552 487
7 99 107 552 545 520
54 92 108 555 554 419
54 71 108 553 554 213
71 92 108 555 553 420
92 94 108 556 555 422
54 94 108 556 554 423
7 54 108 554 557 121
7 71 108 553 557 212
7 94 108 556 557 425
7 105 108 558 557 523
71 105 108 558 553 516
94 105 108 558 556 559
7 94 105 559 523 425
95 105 108 558 560 518
71 95 108 560 553 525
94 95 108 560 556 470
94 95 105 518 559 470
92 95 108 560 555 524
71 92 95 524 525 420
86 102 109 563 562 492
88 102 109 563 561 491
86 88 109 561 562 495
95 102 109 563 564 490
94 102 109 563 565 488
94 95 109 564 565 470
88 95 109 564 561 437
86 105 109 566 562 517
88 105 109 566 561 515
95 105 109 566 564 518
94 105 109 566 565 559
85 86 110 567 568 400
85 100 110 569 568 481
86 100 110 569 567 479
86 87 110 570 567 399
85 87 110 570 568 397
85 95 110 571 568 435
95 100 110 569 571 483
87 95 110 571 570 434
86 96 110 572 567 494
96 100 110 569 572 503
87 96 110 572 570 496
95 96 110 572 571 460
7 90 111 575 574 413
80 90 111 575 573 540
7 80 111 573 574 442
7 91 111 576 574 410
90 91 111 576 575 411
90 95 111 577 575 431
80 95 111 577 573 542
91 95 111 577 576 433
7 61 111 578 574 440
61 80 111 573 578 316
61 91 111 576 578 439
7 89 112 581 580 407
7 85 112 579 580 402
85 89 112 581 579 406
89 91 112 582 581 409
7 91 112 582 580 410
89 95 112 583 581 432
85 95 112 583 579 435
91 95 112 583 582 433
7 98 112 584 580 471
85 98 112 584 579 547
91 98 112 584 582 473
95 98 112 584 583 549
91 95 98 549 473 433
39 43 113 587 586 447
42 43 113 587 585 77
39 42 113 585 586 242
41 43 67 588 187 75
26 43 67 588 186 197
41 42 67 589 187 78
42 43 67 588 589 77
35 55 56 590 130 444
34 55 56 590 131 445
55 56 64 167 591 590
35 55 64 591 172 444
7 87 102 489 592 398
7 86 102 492 592 401
7 94 102 488 592 425
7 105 109 566 593 523
7 86 109 562 593 401
7 94 109 565 593 425
7 102 109 563 593 592
4 98 107 546 594 472
4 7 107 545 594 7
4 101 107 550 594 521
4 98 101 551 521 472
4 99 107 552 594 522
4 7 99 520 522 7
15 39 114 597 595 368
12 39 114 597 596 369
12 15 114 595 596 19
38 63 114 599 598 600
15 38 63 600 601 333
15 63 114 599 595 601
15 38 114 598 595 333
38 39 114 597 598 72
73 75 92 418 602 389
73 92 93 417 538 602
73 92 95 524 543 602
30 71 73 603 604 457
71 73 95 543 525 603
30 73 95 543 427 604
71 73 76 231 455 603
30 73 76 231 267 604
30 68 73 227 604 268
68 73 95 543 429 227
71 73 92 602 420 603
71 73 75 389 421 603
38 53 81 605 322 116
3 53 81 605 323 117
35 42 53 240 606 87
3 35 53 606 117 380
2 3 51 161 607 2
2 40 51 313 607 86
0 2 51 607 112 4
2 69 77 235 338 608
2 45 69 199 608 82
2 50 69 201 608 609
2 45 50 202 609 82
2 40 50 610 609 86
40 45 50 202 610 81
40 50 51 133 313 610
2 50 51 133 607 609
22 40 50 610 102 611
22 40 51 313 111 611
22 38 40 69 611 315
21 22 40 611 70 33
23 40 45 81 106 612
23 40 50 610 135 612
21 23 40 612 70 30
22 23 40 612 611 32
2 9 50 289 609 613
2 9 69 237 608 613
2 9 77 234 338 613
0 2 9 613 288 4
0 2 77 338 339 4
2 9 25 290 614 613
2 25 50 103 609 614
0 2 25 614 115 4
2 25 51 110 607 614
39 113 115 618 619 586
113 115 116 617 615 618
39 115 116 617 616 619
39 113 116 615 616 586
34 36 117 620 621 67
34 55 117 622 621 445
36 55 117 622 620 446
36 118 119 625 624 627
67 118 119 625 623 626
36 67 118 626 627 185
36 67 119 623 624 185
34 56 120 631 632 131
34 120 121 630 629 632
56 120 121 630 628 631
34 56 121 628 629 131
55 56 120 631 633 590
34 55 120 633 632 445
34 117 120 634 632 621
55 117 120 634 633 622
34 115 122 637 636 639
114 115 122 637 635 638
34 114 122 635 636 640
34 114 115 638 639 640
34 116 122 641 636 642
115 116 122 641 637 617
34 115 116 617 642 639
39 115 122 637 643 619
39 114 122 635 643 597
39 114 115 638 619 597
39 116 122 641 643 616
34 122 123 646 645 636
114 122 123 646 644 635
34 114 123 644 645 640
116 122 123 646 647 641
34 116 123 647 645 642
39 122 123 646 648 643
39 114 123 644 648 597
39 116 123 647 648 616
26 113 124 652 653 654
26 124 125 651 650 653
113 124 125 651 649 652
26 113 125 649 650 654
113 115 124 656 652 618
115 124 125 651 655 656
113 115 125 655 649 618
34 115 124 656 660 639
34 124 126 659 658 660
115 124 126 659 657 656
34 115 126 657 658 639
36 115 116 617 661 662
34 36 115 662 639 67
34 36 116 661 642 67
36 115 124 656 663 662
34 36 124 663 660 67
36 115 125 655 664 662
36 124 125 651 664 663
27 34 124 660 665 331
27 36 124 663 665 328
27 124 126 659 666 665
27 34 126 658 666 331
39 115 124 656 668 619
39 115 126 657 667 619
39 124 126 659 667 668
39 113 124 652 668 586
38 55 117 622 670 127
38 55 120 633 669 127
38 117 120 634 669 670
39 55 117 622 671 126
38 39 117 671 670 72
56 64 120 672 631 167
55 64 120 672 633 591
38 114 123 644 673 598
38 39 123 648 673 72
36 41 119 674 624 188
41 67 119 623 674 187
63 114 123 644 675 599
38 63 123 675 673 600
26 39 124 668 653 676
26 39 113 586 654 676
26 39 43 447 197 676
12 26 39 676 369 47
26 43 113 587 654 197
26 39 126 667 677 676
12 39 126 667 678 369
12 26 126 677 678 47
26 124 126 659 677 653
26 27 126 666 677 45
12 27 126 666 678 46
26 27 124 665 653 45
41 42 119 679 674 78
42 67 119 623 679 589
35 37 81 320 680 63
3 35 81 680 323 380
35 64 81 321 680 172
35 53 81 605 680 606
71 72 74 222 456 681
71 72 76 229 455 681
71 72 75 226 421 681
71 72 73 216 603 681
6 7 65 682 292 8
4 7 65 682 174 7
7 65 86 450 401 682
7 65 99 477 520 682
26 36 127 683 684 190
26 125 127 685 684 650
36 125 127 685 683 664
26 36 125 664 650 190
36 67 127 686 683 185
26 67 127 686 684 186
36 118 127 687 683 627
67 118 127 687 686 626
36 118 128 688 689 627
36 119 128 690 689 624
118 119 128 690 688 625
113 118 128 688 691 693
113 119 128 690 691 692
113 118 119 625 692 693
12 39 129 694 695 369
39 114 129 696 694 597
12 114 129 696 695 596
12 126 129 697 695 678
39 126 129 697 694 667
34 115 129 699 698 639
34 114 129 696 698 640
114 115 129 699 696 638
115 126 129 697 699 657
34 126 129 697 698 658
39 115 129 699 694 619
26 43 130 700 701 197
43 113 130 702 700 587
26 113 130 702 701 654
26 67 130 703 701 186
43 67 130 703 700 588
42 43 130 700 704 77
42 113 130 702 704 585
42 67 130 703 704 589
118 119 130 706 705 625
113 118 130 705 702 693
113 119 130 706 702 692
67 119 130 706 703 623
67 118 130 705 703 626
42 119 130 706 704 679
42 113 119 692 679 585
26 127 130 707 701 684
67 127 130 707 703 686
118 127 130 707 705 687
34 123 131 710 709 645
114 123 131 710 708 644
34 114 131 708 709 640
34 131 132 713 712 709
123 131 132 713 711 710
34 123 132 711 712 645
63 123 131 710 714 675
63 114 131 708 714 599
63 131 132 713 715 714
63 123 132 711 715 675
34 123 133 718 717 645
121 123 133 718 716 719
34 121 133 716 717 629
34 121 123 719 645 629
34 116 133 720 717 642
116 123 133 718 720 647
39 123 133 718 721 648
39 116 133 720 721 616
34 56 134 722 723 131
56 121 134 724 722 628
34 121 134 724 723 629
34 132 134 725 723 712
56 132 134 725 722 726
34 56 132 726 712 131
56 63 134 727 722 170
63 132 134 725 727 715
56 63 132 715 726 170
34 123 134 728 723 645
121 123 134 728 724 719
123 132 134 725 728 711
63 123 134 728 727 675
36 117 135 731 730 620
55 117 135 731 729 622
36 55 135 729 730 446
36 41 135 732 730 188
41 119 135 733 732 674
36 119 135 733 730 624
36 41 55 734 446 188
41 55 135 729 732 734
35 41 55 734 444 88
41 42 135 735 732 78
42 119 135 733 735 679
42 113 135 736 735 585
113 119 135 733 736 692
39 117 135 731 737 671
39 55 135 729 737 126
113 117 135 731 736 738
39 113 135 736 737 586
39 113 117 738 671 586
38 123 133 718 739 673
38 39 133 721 739 72
38 121 123 719 673 740
38 121 133 716 739 740
26 125 130 741 701 650
113 125 130 741 702 649
125 127 130 707 741 685
39 42 135 735 737 242
38 121 134 724 742 740
38 123 134 728 742 673
38 63 134 727 742 600
39 42 55 743 126 242
42 53 55 128 743 240
42 55 135 729 735 743
41 42 55 743 734 78
35 42 55 743 444 87
35 53 55 128 444 606
27 124 125 651 744 665
26 27 125 744 650 45
27 36 125 664 744 328
38 62 63 745 600 314
62 63 81 319 324 745
38 63 81 319 322 600
37 62 63 745 171 370
57 62 63 745 746 302
37 57 63 746 171 371
15 62 63 745 601 306
15 57 63 746 601 307
113 115 136 747 748 618
113 116 136 749 748 615
115 116 136 749 747 617
115 125 136 750 747 655
113 125 136 750 748 649
36 115 136 747 751 662
36 116 136 749 751 661
36 125 136 750 751 664
36 127 137 754 753 683
36 118 137 752 753 627
118 127 137 754 752 687
125 127 137 754 755 685
36 125 137 755 753 664
113 130 137 757 756 702
118 130 137 757 752 705
113 118 137 752 756 693
113 125 137 755 756 649
125 130 137 757 755 741
127 130 137 757 754 707
36 136 137 758 753 751
125 136 137 758 755 750
113 136 137 758 756 748
34 36 138 759 760 67
34 117 138 761 760 621
36 117 138 761 759 620
36 116 138 762 759 661
34 116 138 762 760 642
39 113 138 763 764 586
113 117 138 761 763 738
39 117 138 761 764 671
39 116 138 762 764 616
113 116 138 762 763 615
36 128 138 765 759 689
117 128 138 765 761 766
36 117 128 766 689 620
113 128 138 765 763 691
113 117 128 766 691 738
34 133 138 767 760 717
116 133 138 767 762 720
39 133 138 767 764 721
34 120 139 770 769 632
117 120 139 770 768 634
34 117 139 768 769 621
34 121 139 771 769 629
120 121 139 771 770 630
38 120 139 770 772 669
38 117 139 768 772 670
38 121 139 771 772 740
38 120 121 630 740 669
34 133 139 773 769 717
121 133 139 773 771 716
38 133 139 773 772 739
36 128 140 776 775 689
117 128 140 776 774 766
36 117 140 774 775 620
36 119 140 777 775 624
119 128 140 776 777 690
113 128 140 776 778 691
113 117 140 774 778 738
113 119 140 777 778 692
36 135 140 779 775 730
117 135 140 779 774 731
119 135 140 779 777 733
113 135 140 779 778 736
36 128 141 782 781 689
118 128 141 782 780 688
36 118 141 780 781 627
113 128 141 782 783 691
113 118 141 780 783 693
36 136 141 785 781 751
116 136 141 785 784 749
36 116 141 784 781 661
113 136 141 785 783 748
113 116 141 784 783 615
38 39 139 786 772 72
39 117 139 768 786 671
39 133 139 773 786 721
39 138 139 787 786 764
117 138 139 787 768 761
133 138 139 787 773 767
34 138 139 787 769 760
113 138 141 788 783 763
128 138 141 788 782 765
116 138 141 788 784 762
36 138 141 788 781 759
113 137 141 789 783 756
118 137 141 789 780 752
136 137 141 789 785 758
36 137 141 789 781 753
38 55 64 591 790 127
38 64 120 672 669 790
38 63 64 169 790 600
38 64 81 321 322 790
38 64 121 791 740 790
64 120 121 630 791 672
56 64 121 791 628 167
38 64 134 792 742 790
64 121 134 724 792 791
63 64 134 792 727 169
56 64 134 792 722 167
35 53 64 793 172 606
53 64 81 321 605 793
53 55 64 591 793 128
38 53 64 793 790 116
#Tetras 613
0 1 2 3 5 4 1 3 0 2 3 1 2 0
4 5 6 7 11 10 7 9 6 8 7 5 6 4
8 9 10 11 17 16 13 15 12 14 11 9 10 8
12 13 14 15 23 22 19 21 18 20 15 13 14 12
16 17 18 19 29 28 25 27 24 26 19 17 18 16
20 21 22 23 35 34 31 33 30 32 23 21 22 20
5 22 24 25 41 40 37 39 36 38 26 25 27 24
12 26 27 28 47 46 43 45 42 44 29 31 30 28
20 22 24 29 34 51 49 39 48 50 32 34 35 33
16 18 30 31 28 56 53 55 52 54 37 36 39 38
0 30 32 33 62 61 58 60 57 59 40 42 43 41
34 35 36 37 68 67 64 66 63 65 47 45 46 44
21 38 39 40 74 73 70 72 69 71 49 51 50 48
2 41 42 43 80 79 76 78 75 77 52 55 53 54
2 40 44 45 86 85 82 84 81 83 56 57 59 58
2 35 41 42 89 80 79 88 87 78 60 54 62 61
0 46 47 48 95 94 91 93 90 92 63 66 64 65
40 43 44 49 100 84 97 99 96 98 67 70 69 68
22 24 25 50 39 36 102 38 101 103 72 73 71 26
2 40 43 44 86 76 85 100 84 99 68 74 58 75
20 21 23 45 35 31 105 30 104 106 78 76 77 22
22 25 51 52 36 111 108 110 107 109 82 79 80 81
0 25 46 51 115 95 112 114 110 113 83 85 84 86
3 38 40 53 120 119 117 69 116 118 89 87 88 90
5 7 48 54 6 125 122 124 121 123 94 92 91 93
38 39 53 55 72 116 127 129 126 128 98 96 95 97
34 35 37 56 68 64 131 63 130 132 100 101 99 46
22 25 50 51 36 102 111 103 110 133 102 103 81 73
16 17 18 31 29 28 53 27 134 52 105 39 104 16
22 23 24 50 32 39 102 136 135 101 108 71 107 106
17 57 58 59 142 141 138 140 137 139 109 112 110 111
8 29 60 61 148 147 144 146 143 145 115 113 116 114
20 57 58 59 151 150 149 140 137 139 109 119 118 117
6 17 46 47 156 155 153 154 152 93 121 120 123 122
3 17 51 62 162 161 158 160 157 159 127 124 126 125
5 25 46 52 37 165 163 114 107 164 130 128 129 131
17 46 51 52 154 160 166 113 164 109 132 134 135 133
37 56 63 64 132 171 168 170 167 169 136 139 137 138
35 37 56 64 63 130 172 132 168 167 137 140 141 100
5 22 25 52 41 37 163 36 108 107 80 129 142 27
4 17 31 65 177 176 174 134 173 175 146 143 144 145
16 17 31 65 29 53 178 134 173 175 146 147 148 104
4 17 58 66 177 182 180 141 179 181 150 149 152 151
16 17 47 65 29 184 178 152 173 183 155 153 148 154
26 36 41 67 190 189 186 188 185 187 159 157 156 158
11 32 33 68 195 194 192 59 191 193 163 162 160 161
26 28 41 43 42 189 197 198 196 75 167 164 165 166
23 45 50 69 106 135 200 202 199 201 168 171 170 169
11 13 60 70 208 207 204 206 203 205 172 174 173 175
38 39 40 53 72 69 116 71 129 118 176 89 97 49
28 43 44 49 196 210 209 99 96 98 67 177 178 179
7 48 54 71 124 121 212 123 211 213 182 180 181 94
11 61 72 73 219 218 215 217 214 216 183 185 186 184
25 46 51 52 114 110 107 113 164 109 132 82 130 83
11 33 72 74 194 218 221 223 220 222 187 188 189 190
20 22 23 24 34 31 51 32 39 136 106 191 33 21
8 11 60 61 13 147 144 207 219 145 194 113 193 192
11 61 72 75 219 218 225 217 224 226 197 195 196 184
11 68 72 73 192 218 215 228 227 216 200 185 199 198
11 33 68 72 194 192 218 193 223 228 201 198 190 162
68 72 73 76 228 227 230 216 229 231 203 204 202 200
33 68 72 76 193 223 232 228 230 229 202 205 206 201
9 11 69 77 12 237 234 236 233 235 208 209 210 207
9 11 69 70 12 237 238 236 204 239 212 211 213 207
39 40 42 53 71 242 129 241 118 240 216 215 176 214
2 40 42 43 86 79 76 241 100 77 218 55 75 217
30 47 48 78 247 246 244 92 243 245 220 222 219 221
0 30 47 48 62 94 91 247 246 92 221 66 224 223
13 15 20 79 18 252 249 251 248 250 225 227 226 228
13 14 15 79 21 18 249 20 253 248 229 226 230 15
15 20 21 45 251 255 254 35 105 104 77 232 231 233
15 20 45 79 251 254 248 105 250 256 235 234 225 231
14 15 45 79 20 257 253 254 248 256 234 237 229 236
13 20 60 70 252 206 203 259 258 205 238 172 240 239
13 20 70 79 252 203 249 258 250 260 241 242 227 240
11 13 70 79 208 204 261 203 249 260 242 243 244 173
11 69 70 79 236 204 261 239 262 260 246 243 245 212
11 45 69 79 263 236 261 199 256 262 249 245 248 247
11 45 69 77 263 236 233 199 264 235 251 208 250 247
8 10 11 75 16 13 266 14 265 225 253 252 254 9
8 11 61 75 13 144 266 219 225 224 196 255 252 193
30 33 68 76 57 268 267 193 232 230 206 256 257 258
18 30 32 68 55 270 269 60 268 191 259 262 261 260
30 32 33 68 60 57 268 59 191 193 163 258 259 40
5 46 52 66 165 163 272 164 271 273 265 263 264 128
17 46 52 66 154 166 179 164 271 273 265 266 267 135
17 52 58 66 166 141 179 274 273 181 269 150 266 268
0 10 46 48 277 95 91 276 275 90 271 64 272 270
1 3 17 37 0 281 279 162 278 280 275 274 273 276
5 24 29 54 40 284 122 50 282 283 278 277 280 279
5 22 24 29 41 40 284 39 48 50 32 279 281 24
0 30 33 74 62 58 286 57 285 220 283 284 282 43
0 9 10 46 288 277 95 15 287 276 286 270 285 287
9 24 25 50 291 290 289 38 101 103 72 289 290 288
0 9 25 46 288 115 95 290 287 114 292 86 285 291
4 6 17 65 10 177 174 156 292 173 293 144 294 295
6 17 47 65 156 153 292 152 173 183 155 296 293 123
5 10 46 48 293 165 125 276 275 90 271 298 299 297
5 10 48 54 293 125 122 275 294 123 301 92 300 299
5 9 24 25 295 40 37 291 290 38 288 25 302 303
5 9 25 46 295 37 165 290 287 114 292 131 304 302
5 9 10 46 295 293 165 15 287 276 286 297 304 305
5 9 10 54 295 293 122 15 296 294 307 300 306 305
5 9 24 54 295 40 122 291 296 282 308 280 306 303
8 9 10 54 17 16 297 15 296 294 307 310 309 8
8 10 54 75 16 297 266 294 265 298 312 311 254 310
8 54 61 75 297 144 266 299 298 224 314 255 311 313
8 29 54 61 148 297 144 283 143 299 316 313 116 315
17 51 59 62 160 138 157 301 159 300 319 317 127 318
17 57 59 62 142 138 157 137 302 300 320 317 321 110
22 51 59 62 111 304 303 301 159 300 319 322 324 323
20 22 59 62 34 149 305 304 303 300 322 325 326 327
20 57 59 62 151 149 305 137 302 300 320 325 328 118
15 20 57 62 251 307 306 151 305 302 328 330 329 331
20 24 60 70 51 259 258 309 308 205 334 238 333 332
20 24 29 60 51 49 259 50 309 146 336 335 332 34
6 17 46 66 156 155 310 154 179 271 267 338 337 122
4 6 17 66 10 177 180 156 310 179 337 152 339 295
5 6 46 66 9 165 272 155 310 271 338 264 340 341
4 5 6 66 11 10 180 9 272 310 340 339 342 4
17 51 52 59 160 166 138 109 301 311 344 343 318 134
17 52 58 59 166 141 138 274 311 139 345 112 343 268
22 51 52 59 111 108 304 109 301 311 344 346 323 79
3 38 40 51 120 119 161 69 312 313 347 348 349 90
22 38 51 62 315 111 303 312 314 159 350 324 351 352
3 38 51 62 120 161 158 312 314 159 350 124 353 349
54 61 75 80 299 298 317 224 316 318 355 354 356 314
37 63 64 81 171 168 320 169 319 321 359 357 358 139
3 38 62 81 120 158 323 314 322 324 360 362 361 353
8 24 29 60 325 148 147 50 309 146 336 114 363 364
8 24 29 54 325 148 297 50 282 283 278 315 365 364
8 9 24 54 17 325 297 291 296 282 308 365 309 366
8 11 60 70 13 147 326 207 204 205 174 368 367 192
8 9 11 70 17 13 326 12 238 204 213 367 369 10
8 24 60 70 325 147 326 309 308 205 334 368 370 363
8 9 24 70 17 325 326 291 238 308 371 370 369 366
26 28 36 41 42 190 189 327 198 188 373 158 166 372
26 27 28 36 45 42 190 44 328 327 375 372 374 29
28 34 36 37 330 327 329 67 64 65 45 377 378 376
27 28 34 36 44 331 328 330 327 67 376 380 375 379
15 20 21 22 251 255 332 35 34 33 20 382 381 233
15 20 22 62 251 332 306 34 305 303 326 383 329 381
15 21 22 38 255 332 333 33 74 315 386 384 385 382
15 22 38 62 332 333 306 315 303 314 351 387 383 384
20 23 24 70 31 51 258 136 334 308 388 333 389 191
23 69 70 79 200 334 335 239 262 260 246 390 391 392
20 23 70 79 31 258 250 334 335 260 390 241 393 389
23 45 69 79 106 200 335 199 256 262 249 391 394 170
20 23 45 79 31 105 250 106 335 256 394 235 393 76
9 23 24 70 336 291 238 136 334 308 388 371 395 396
9 23 69 70 336 237 238 200 334 239 392 211 395 397
9 23 24 50 336 291 289 136 135 101 108 290 398 396
9 23 50 69 336 289 237 135 200 201 171 399 397 398
2 44 45 77 85 82 338 83 337 264 400 401 402 57
0 9 10 77 288 277 339 15 234 340 405 404 403 287
9 10 11 77 15 12 234 14 340 233 406 210 405 11
10 11 74 77 14 342 340 221 233 341 408 407 406 409
0 10 74 77 277 286 339 342 340 341 407 410 404 411
11 32 33 77 195 194 233 59 343 344 412 414 413 161
0 32 33 77 61 58 339 59 343 344 412 416 415 42
11 33 74 77 194 221 233 220 344 341 417 408 414 189
0 33 74 77 58 286 339 220 344 341 417 410 416 284
14 15 21 45 20 345 257 255 254 104 232 418 236 419
12 14 15 21 22 19 346 20 345 255 419 421 420 13
14 40 44 49 349 348 347 84 97 98 70 423 422 424
14 40 44 45 349 348 257 84 81 83 56 426 425 424
14 21 40 45 345 349 257 70 104 81 428 425 418 427
16 18 19 82 28 25 351 26 350 352 431 429 430 17
16 18 30 82 28 56 351 55 350 353 432 433 430 38
18 30 32 82 55 270 350 60 353 354 434 435 432 260
0 30 32 82 62 61 355 60 353 354 434 437 436 41
11 13 14 79 208 356 261 21 249 253 230 439 244 438
11 14 45 79 356 263 261 257 253 256 237 248 439 440
11 14 44 45 356 357 263 348 257 83 426 442 440 441
11 44 45 77 357 263 233 83 337 264 400 250 443 442
11 28 44 77 359 357 233 210 358 337 446 443 444 445
11 12 13 14 360 208 356 23 22 21 12 438 447 448
11 28 44 49 359 357 361 210 209 98 177 449 450 445
11 14 44 49 356 357 361 348 347 98 423 449 451 441
11 12 28 49 360 359 361 43 362 209 454 450 452 453
11 12 14 49 360 356 361 22 362 347 455 451 452 447
16 17 19 47 29 25 184 24 152 363 457 456 154 18
0 19 30 47 365 62 94 364 363 247 458 223 459 460
16 19 30 47 25 56 184 364 363 247 458 462 456 461
0 19 30 82 365 62 355 364 352 353 463 436 464 460
16 19 30 82 25 56 351 364 352 353 463 433 429 461
17 19 46 47 24 154 152 366 363 93 466 121 457 465
0 19 46 47 365 95 94 366 363 93 466 65 459 467
17 19 46 51 24 154 160 366 367 113 469 133 468 465
0 19 46 51 365 95 112 366 367 113 469 85 470 467
12 15 21 39 19 346 369 255 368 73 472 473 471 421
15 21 38 39 255 333 368 74 73 72 48 474 472 385
17 37 57 62 280 142 157 371 370 302 475 321 477 476
3 37 62 81 278 158 323 370 320 324 479 362 480 478
3 17 37 62 162 278 158 280 157 370 477 478 126 275
28 44 77 83 210 358 373 337 372 374 481 483 482 446
2 44 77 83 85 338 375 337 372 374 481 485 484 402
1 3 37 84 0 279 377 278 376 378 486 488 487 273
3 35 37 84 380 278 376 63 379 378 489 486 490 491
1 2 3 84 3 0 377 2 381 376 492 487 493 3
2 3 35 84 2 89 381 380 376 379 490 494 492 495
22 52 58 59 108 382 304 274 311 139 345 496 346 497
20 22 58 59 34 150 149 382 304 139 496 119 327 498
20 22 29 58 34 49 150 48 382 383 499 500 498 35
16 30 31 65 56 53 178 54 384 175 501 147 502 36
16 30 47 65 56 184 178 247 384 183 503 153 502 462
30 47 65 78 247 384 244 183 243 385 505 504 219 503
2 3 35 42 2 89 79 380 386 87 506 62 507 495
2 3 40 42 2 86 79 119 386 241 508 217 507 509
3 40 42 53 119 386 117 241 118 240 216 510 87 508
30 31 65 78 54 384 244 175 387 385 511 504 512 501
61 73 75 80 214 224 316 389 388 318 515 355 514 513
61 72 73 75 217 214 224 216 226 389 516 513 197 183
35 37 41 84 63 88 379 391 378 390 517 519 489 518
37 41 83 84 391 394 378 393 390 392 522 521 517 520
2 35 41 84 89 80 381 88 379 390 519 523 494 61
2 41 83 84 80 375 381 393 390 392 522 524 523 525
35 36 37 41 66 63 88 65 188 391 526 518 527 47
28 37 41 83 329 198 373 391 394 393 520 530 529 528
28 36 37 41 327 329 198 65 188 391 526 528 373 377
5 22 52 58 41 163 395 108 382 274 497 532 531 142
5 22 29 58 41 284 395 48 382 383 499 533 531 281
5 52 58 66 163 395 272 274 273 181 269 534 263 532
4 5 58 66 11 182 180 395 272 181 534 149 342 535
4 5 29 58 11 396 182 284 395 383 533 537 535 536
7 85 86 87 402 401 398 400 397 399 539 541 540 538
30 48 78 88 246 244 404 245 403 405 543 544 542 222
7 85 87 89 402 398 407 397 406 408 546 547 545 540
7 89 90 91 407 413 410 412 409 411 549 551 550 548
7 87 89 90 398 407 413 408 414 412 552 548 553 547
54 75 92 93 298 419 416 418 415 417 555 556 557 554
54 71 75 92 213 298 419 421 420 418 559 554 558 560
54 92 93 94 419 416 423 417 422 424 563 561 562 556
7 54 93 94 121 426 425 416 423 424 561 566 564 565
18 30 68 95 55 269 428 268 427 429 567 568 569 261
18 30 31 95 55 52 428 54 427 430 570 571 569 37
89 90 91 95 412 409 432 411 431 433 574 573 572 549
85 87 89 95 397 406 435 408 434 432 575 577 576 546
87 89 90 95 408 414 434 412 432 431 572 578 575 552
30 31 78 95 54 244 427 387 430 436 580 579 570 512
30 78 88 95 244 404 427 405 436 437 582 581 579 544
4 7 61 91 7 441 438 440 410 439 583 584 585 586
7 54 61 80 121 440 442 299 317 316 356 589 588 587
4 5 7 29 11 7 396 6 284 443 590 591 536 6
5 7 29 54 6 284 122 443 121 283 592 277 91 590
4 7 29 61 7 396 441 443 440 143 593 594 586 591
7 29 54 61 443 121 440 283 143 299 316 587 593 592
34 35 36 55 68 67 445 66 444 446 596 597 595 44
39 40 42 43 71 242 447 241 100 77 218 599 598 214
6 47 65 86 153 292 449 183 448 450 602 601 600 296
2 43 44 83 76 85 375 99 451 372 604 484 603 74
2 41 43 83 80 76 375 75 393 451 605 603 525 53
28 43 44 83 196 210 373 99 451 372 604 482 606 179
28 41 43 83 198 196 373 75 393 451 605 606 530 167
1 3 17 19 0 281 453 162 452 24 607 608 609 276
3 17 19 51 162 452 161 24 160 367 468 610 125 607
0 1 3 19 5 1 365 0 453 452 609 611 612 2
0 3 19 51 1 365 112 452 161 367 610 470 613 611
33 72 74 76 223 220 232 222 229 454 614 615 205 187
30 71 74 76 457 285 267 456 455 454 618 616 619 617
30 33 74 76 57 285 267 220 232 454 615 616 257 283
78 88 95 96 405 436 459 437 458 460 620 622 621 582
7 90 93 97 413 426 462 464 461 463 625 624 623 626
7 87 90 97 398 413 462 414 465 461 627 623 628 553
7 93 94 97 426 425 462 424 463 466 630 629 624 566
7 87 94 97 398 425 462 467 465 466 631 629 628 632
90 93 95 97 464 431 461 469 463 468 634 633 625 635
87 90 95 97 414 434 465 431 461 468 633 636 627 578
93 94 95 97 424 469 463 470 466 468 637 634 630 638
87 94 95 97 467 434 465 470 466 468 637 636 631 639
4 7 91 98 7 438 472 410 471 473 641 642 640 585
31 65 99 100 175 478 475 477 474 476 645 644 646 643
65 86 99 100 450 477 474 480 479 476 648 645 649 647
85 86 99 100 400 482 481 480 479 476 648 651 652 650
31 95 99 100 430 478 475 484 483 476 654 644 655 653
31 95 99 101 430 478 486 484 485 487 657 656 658 653
85 95 99 100 435 482 481 484 483 476 654 651 660 659
87 94 95 102 467 434 489 470 488 490 661 662 663 639
86 88 96 102 495 494 492 458 491 493 665 664 666 667
86 87 96 102 399 494 492 496 489 493 669 664 668 670
88 95 96 102 437 458 491 460 490 493 671 665 672 620
87 95 96 102 434 496 489 460 490 493 671 669 662 673
31 65 100 103 175 475 498 474 497 499 675 676 674 646
31 65 78 103 175 387 498 385 497 500 678 677 674 511
31 95 100 103 430 475 498 483 501 499 680 676 679 655
31 78 95 103 387 430 498 436 500 501 681 679 677 580
95 96 100 103 460 483 501 503 502 499 683 680 682 684
78 95 96 103 436 459 500 460 501 502 682 685 681 622
47 65 86 104 183 448 505 450 504 506 688 687 686 602
47 65 78 104 183 243 505 385 504 507 689 690 686 505
47 48 86 104 92 448 505 509 508 506 692 687 691 693
47 48 78 104 92 243 505 245 508 507 694 690 691 220
48 86 88 104 509 403 508 495 506 510 696 695 692 697
48 78 88 104 245 403 508 405 507 510 698 695 694 543
86 88 96 104 495 494 506 458 510 511 699 700 696 667
78 88 96 104 405 459 507 458 510 511 699 701 698 621
65 78 103 104 385 497 504 500 507 512 703 702 689 678
78 96 103 104 459 500 507 502 511 512 704 703 701 685
30 48 88 105 246 404 514 403 513 515 706 707 705 542
30 48 71 105 246 457 514 211 513 516 709 708 705 710
48 86 88 105 509 403 513 495 517 515 712 706 711 697
30 88 95 105 404 427 514 437 515 518 714 713 707 581
65 86 100 104 450 474 504 479 506 519 716 715 688 649
65 100 103 104 474 497 504 499 519 512 717 702 715 675
86 96 100 104 494 479 506 503 511 519 718 716 700 719
96 100 103 104 503 502 511 499 519 512 717 704 718 683
7 85 86 99 402 401 520 400 482 480 650 721 720 538
4 31 99 101 176 522 521 478 486 487 656 724 723 722
4 31 65 99 176 174 522 175 478 477 643 725 722 143
7 48 71 105 124 212 523 211 513 516 709 727 726 181
7 48 86 105 124 401 523 509 513 517 711 728 726 729
92 93 94 95 417 422 524 424 469 470 638 731 730 563
30 71 95 105 457 427 514 525 516 518 733 713 708 732
10 11 74 75 14 342 265 221 225 526 734 735 253 409
11 72 74 75 218 221 225 222 226 526 736 734 195 188
6 47 48 86 153 527 449 92 448 509 693 738 600 737
6 46 47 48 155 153 527 93 90 92 63 737 739 120
6 7 48 86 8 527 449 124 401 509 729 738 741 740
5 6 46 48 9 165 125 155 527 90 739 298 742 341
5 6 7 48 9 6 125 8 527 124 740 93 742 7
0 10 48 74 277 91 286 275 342 528 744 743 411 272
0 30 48 74 62 91 286 246 285 528 745 743 282 224
30 48 71 74 246 457 285 211 528 456 746 617 745 710
48 54 71 75 123 211 529 213 298 421 560 748 747 182
10 48 54 75 275 294 265 123 529 298 747 312 749 301
48 71 74 75 211 528 529 456 421 526 751 750 748 746
10 48 74 75 275 342 265 528 529 526 750 735 749 744
12 26 28 43 47 43 530 42 197 196 165 752 753 30
12 28 43 49 43 530 362 196 209 96 178 754 454 752
12 21 39 40 346 369 531 73 70 71 51 756 755 473
12 39 40 43 369 531 530 71 447 100 598 757 758 756
12 40 43 49 531 530 362 100 97 96 69 754 759 757
12 14 40 49 22 531 362 349 347 97 422 759 455 760
12 14 21 40 22 346 531 345 349 70 427 755 760 420
7 54 93 106 121 426 533 416 532 534 763 762 761 565
7 54 80 106 121 442 533 317 532 535 764 765 761 588
54 75 93 106 298 416 532 415 536 534 767 763 766 557
54 75 80 106 298 317 532 318 536 535 768 764 766 354
73 75 93 106 389 538 537 415 536 534 767 770 769 771
73 75 80 106 389 388 537 318 536 535 768 772 769 515
7 90 93 106 413 426 533 464 539 534 774 762 773 626
7 80 90 106 442 413 533 540 535 539 775 773 765 776
90 93 95 106 464 431 539 469 534 541 778 777 774 635
80 90 95 106 540 542 535 431 539 541 777 779 775 780
73 93 95 106 538 543 537 469 534 541 778 781 770 782
73 80 95 106 388 543 537 542 535 541 779 781 772 783
7 85 98 107 402 471 545 547 544 546 786 784 785 787
85 95 98 107 435 547 544 549 548 546 788 786 789 790
95 98 101 107 549 485 548 551 546 550 792 791 788 793
85 95 99 107 435 482 544 484 548 552 794 795 789 659
95 99 101 107 484 485 548 487 552 550 796 791 794 657
7 85 99 107 402 520 545 482 544 552 795 797 785 720
54 71 92 108 213 419 554 420 553 555 800 798 799 558
54 92 94 108 419 423 554 422 555 556 801 802 798 562
7 54 71 108 121 212 557 213 554 553 799 804 803 180
7 54 94 108 121 425 557 423 554 556 802 805 803 564
7 71 105 108 212 523 557 516 553 558 807 806 804 727
7 94 105 108 425 523 557 559 556 558 808 806 805 809
71 95 105 108 525 516 553 518 560 558 810 807 811 733
94 95 105 108 470 559 556 518 560 558 810 808 812 813
71 92 95 108 420 525 553 524 555 560 814 811 800 815
92 94 95 108 422 524 555 470 556 560 812 814 801 731
86 88 102 109 495 492 562 491 561 563 817 816 818 666
94 95 102 109 470 488 565 490 564 563 819 820 821 661
88 95 102 109 437 491 561 490 564 563 819 817 822 672
86 88 105 109 495 517 562 515 561 566 824 823 818 712
94 95 105 109 470 559 565 518 564 566 825 826 821 813
88 95 105 109 437 515 561 518 564 566 825 824 822 714
85 86 100 110 400 481 568 479 567 569 829 828 827 652
85 86 87 110 400 397 568 399 567 570 830 831 827 539
85 95 100 110 435 481 568 483 571 569 833 828 832 660
85 87 95 110 397 435 568 434 570 571 834 832 831 576
86 96 100 110 494 479 567 503 572 569 836 829 835 719
86 87 96 110 399 494 567 496 570 572 837 835 830 670
95 96 100 110 460 483 571 503 572 569 836 833 838 684
87 95 96 110 434 496 570 460 571 572 838 837 834 673
7 80 90 111 442 413 574 540 573 575 840 839 841 776
7 90 91 111 413 410 574 411 575 576 843 842 839 551
80 90 95 111 540 542 573 431 575 577 844 845 840 780
90 91 95 111 411 431 575 433 576 577 846 844 843 574
7 61 80 111 440 442 574 316 578 573 848 841 847 589
7 61 91 111 440 410 574 439 578 576 849 842 847 583
7 85 89 112 402 407 580 406 579 581 852 850 851 545
7 89 91 112 407 410 580 409 581 582 853 854 850 550
85 89 95 112 406 435 579 432 581 583 855 856 852 577
89 91 95 112 409 432 581 433 582 583 857 855 853 573
7 85 98 112 402 471 580 547 579 584 859 858 851 787
7 91 98 112 410 471 580 473 582 584 860 858 854 641
85 95 98 112 435 547 579 549 583 584 861 859 856 790
91 95 98 112 433 473 582 549 583 584 861 860 857 862
39 42 43 113 242 447 586 77 585 587 864 863 865 599
26 41 43 67 189 197 186 75 187 588 866 867 157 164
41 42 43 67 78 75 187 77 589 588 869 866 868 52
34 35 55 56 68 445 131 444 130 590 870 871 99 595
35 55 56 64 444 130 172 590 591 167 872 140 873 870
7 86 87 102 401 398 592 399 492 489 668 874 875 541
7 87 94 102 398 425 592 467 489 488 663 876 874 632
7 86 105 109 401 523 593 517 562 566 823 877 878 728
7 94 105 109 425 523 593 559 565 566 826 877 879 809
7 86 102 109 401 592 593 492 562 563 816 880 878 875
7 94 102 109 425 592 593 488 565 563 820 880 879 876
4 7 98 107 7 472 594 471 545 546 784 881 882 640
4 98 101 107 472 521 594 551 546 550 792 883 881 884
4 7 99 107 7 522 594 520 545 552 797 885 882 886
4 99 101 107 522 521 594 487 552 550 796 883 885 724
12 15 39 114 19 369 596 368 595 597 887 888 889 471
15 38 63 114 333 601 595 600 598 599 890 892 893 891
15 38 39 114 333 368 595 72 598 597 894 887 893 474
73 75 92 93 389 602 538 418 415 417 555 896 771 895
73 92 93 95 602 538 543 417 524 469 730 782 897 896
30 71 73 95 457 604 427 603 525 543 899 900 732 898
30 71 73 76 457 604 267 603 455 231 901 902 619 898
30 68 73 95 268 604 427 227 429 543 904 900 567 903
30 68 73 76 268 604 267 227 230 231 204 902 256 903
71 73 92 95 603 420 525 602 543 524 897 815 899 905
71 73 75 92 603 421 420 389 602 418 895 559 905 906
3 38 53 81 120 117 323 116 322 605 907 908 361 88
3 35 42 53 380 386 117 87 606 240 909 510 910 506
2 3 40 51 2 86 607 119 161 313 348 912 911 509
0 2 3 51 4 1 112 2 607 161 911 613 913 1
2 45 69 77 82 608 338 199 264 235 251 914 401 915
2 45 50 69 82 609 608 202 199 201 168 916 915 917
2 40 45 50 86 82 609 81 610 202 919 917 918 59
2 40 50 51 86 609 607 610 313 133 920 921 912 918
22 40 50 51 611 102 111 610 313 133 920 103 923 922
22 38 40 51 315 611 111 69 312 313 347 923 352 924
21 22 38 40 33 74 70 315 611 69 924 50 925 386
23 40 45 50 612 106 135 81 610 202 919 169 927 926
21 23 40 45 30 70 104 612 106 81 926 428 78 928
22 23 40 50 32 611 102 612 135 610 927 922 107 929
21 22 23 40 33 30 70 32 611 612 929 928 925 23
2 9 50 69 613 609 608 289 237 201 399 916 931 930
2 9 69 77 613 608 338 237 234 235 209 914 932 931
0 2 9 77 4 288 339 613 338 234 932 403 934 933
2 9 25 50 613 614 609 290 289 103 289 936 930 935
0 2 9 25 4 288 115 613 614 290 935 291 937 933
2 25 50 51 614 609 607 103 110 133 102 921 938 936
0 2 25 51 4 115 112 614 607 110 938 84 913 937
39 113 115 116 586 619 616 618 615 617 940 941 942 939
34 36 55 117 67 445 621 446 620 622 945 944 943 597
36 67 118 119 185 627 624 626 623 625 947 946 949 948
34 56 120 121 131 632 629 631 628 630 952 951 953 950
34 55 56 120 445 131 632 590 633 631 954 950 955 871
34 55 117 120 445 621 632 622 633 634 957 956 955 944
34 114 115 122 640 639 636 638 635 637 959 958 960 961
34 115 116 122 639 642 636 617 637 641 963 962 958 964
39 114 115 122 597 619 643 638 635 637 959 965 966 967
39 115 116 122 619 616 643 617 637 641 963 968 965 941
34 114 122 123 640 636 645 635 644 646 970 969 971 960
34 116 122 123 642 636 645 641 647 646 972 969 973 962
39 114 122 123 597 643 648 635 644 646 970 974 975 966
39 116 122 123 616 643 648 641 647 646 972 974 976 968
26 113 124 125 654 653 650 652 649 651 979 978 980 977
113 115 124 125 618 652 649 656 655 651 982 979 983 981
34 115 124 126 639 660 658 656 657 659 986 985 987 984
34 36 115 116 67 639 642 662 661 617 988 964 990 989
34 36 115 124 67 639 660 662 663 656 991 984 992 989
36 115 124 125 662 663 664 656 655 651 982 994 993 991
27 34 36 124 331 328 665 67 660 663 992 996 995 380
27 34 124 126 331 665 666 660 658 659 985 997 998 995
39 115 124 126 619 668 667 656 657 659 986 1001 1000 999
39 113 115 124 586 619 668 618 652 656 981 999 1002 939
38 55 117 120 127 670 669 622 633 634 957 1005 1004 1003
38 39 55 117 72 127 670 126 671 622 1006 1003 1007 95
55 56 64 120 590 591 633 167 631 672 1008 1009 954 872
38 39 114 123 72 598 673 597 648 644 975 1010 1011 894
36 41 67 119 188 185 624 187 674 623 1013 949 1012 159
38 63 114 123 600 598 673 599 675 644 1014 1010 1015 890
26 39 113 124 676 654 653 586 668 652 1002 977 1016 1017
12 26 39 43 47 369 530 676 197 447 1018 758 753 1019
26 39 43 113 676 197 654 447 586 587 863 1020 1017 1018
12 26 39 126 47 369 678 676 677 667 1021 1022 1023 1019
26 39 124 126 676 653 677 668 667 659 1001 1024 1021 1016
12 26 27 126 47 46 678 45 677 666 1025 1026 1023 28
26 27 124 126 45 653 677 665 666 659 997 1024 1025 1027
41 42 67 119 78 187 674 589 679 623 1029 1013 1028 868
3 35 37 81 380 278 323 63 680 320 1030 480 1031 491
35 37 64 81 63 172 680 168 320 321 357 1032 1030 141
3 35 53 81 380 117 323 606 680 605 1033 908 1031 910
71 72 74 76 681 456 455 222 229 454 614 618 1035 1034
71 72 74 75 681 456 421 222 226 526 736 751 1036 1034
71 72 73 76 681 603 455 216 229 231 203 901 1035 1037
71 72 73 75 681 603 421 216 226 389 516 906 1036 1037
4 6 7 65 10 7 174 8 292 682 1038 1039 294 5
6 7 65 86 8 292 449 682 401 450 1040 601 741 1038
4 7 65 99 7 174 522 682 520 477 1041 725 886 1039
7 65 86 99 682 401 520 450 477 480 647 721 1041 1040
26 36 125 127 190 650 684 664 683 685 1044 1043 1042 1045
26 36 67 127 190 186 684 185 683 686 1046 1047 1042 156
36 67 118 127 185 627 683 626 686 687 1049 1048 1046 948
36 118 119 128 627 624 689 625 688 690 1052 1051 1050 946
113 118 119 128 693 692 691 625 688 690 1052 1054 1053 1055
12 39 114 129 369 596 695 597 694 696 1057 1058 1056 888
12 39 126 129 369 678 695 667 694 697 1060 1059 1056 1022
34 114 115 129 640 639 698 638 696 699 1063 1061 1062 961
34 115 126 129 639 658 698 657 699 697 1064 1065 1061 987
39 114 115 129 597 619 694 638 696 699 1063 1066 1057 967
39 115 126 129 619 667 694 657 699 697 1064 1060 1066 1000
26 43 113 130 197 654 701 587 700 702 1068 1069 1067 1020
26 43 67 130 197 186 701 588 700 703 1071 1070 1067 867
42 43 113 130 77 585 704 587 700 702 1068 1073 1072 864
42 43 67 130 77 589 704 588 700 703 1071 1074 1072 869
113 118 119 130 693 692 702 625 705 706 1075 1077 1076 1055
67 118 119 130 626 623 703 625 705 706 1075 1078 1079 947
42 113 119 130 585 679 704 692 702 706 1077 1080 1073 1081
42 67 119 130 589 679 704 623 703 706 1078 1080 1074 1029
26 67 127 130 186 684 701 686 703 707 1083 1082 1070 1047
67 118 127 130 626 686 703 687 705 707 1084 1083 1079 1049
34 114 123 131 640 645 709 644 708 710 1086 1085 1087 971
34 123 131 132 645 709 712 710 711 713 1089 1088 1090 1085
63 114 123 131 599 675 714 644 708 710 1086 1091 1092 1014
63 123 131 132 675 714 715 710 711 713 1089 1093 1094 1091
34 121 123 133 629 645 717 719 716 718 1096 1095 1097 1098
34 116 123 133 642 645 717 647 720 718 1100 1095 1099 973
39 116 123 133 616 648 721 647 720 718 1100 1101 1102 976
34 56 121 134 131 629 723 628 722 724 1104 1105 1103 953
34 56 132 134 131 712 723 726 722 725 1107 1106 1103 1108
56 63 132 134 170 726 722 715 727 725 1110 1107 1109 1111
34 121 123 134 629 645 723 719 724 728 1113 1112 1105 1098
34 123 132 134 645 712 723 711 728 725 1114 1106 1112 1090
63 123 132 134 675 715 727 711 728 725 1114 1110 1115 1094
36 55 117 135 446 620 730 622 729 731 1117 1116 1118 945
36 41 119 135 188 624 730 674 732 733 1120 1121 1119 1012
36 41 55 135 188 446 730 734 732 729 1123 1118 1119 1122
35 36 41 55 66 88 444 188 446 734 1122 1124 596 527
41 42 119 135 78 674 732 679 735 733 1126 1120 1125 1028
42 113 119 135 585 679 735 692 736 733 1128 1126 1127 1081
39 55 117 135 126 671 737 622 729 731 1117 1129 1130 1006
39 113 117 135 586 671 737 738 736 731 1131 1129 1132 1133
38 39 123 133 72 673 739 648 721 718 1101 1134 1135 1011
38 121 123 133 740 673 739 719 716 718 1096 1134 1137 1136
26 113 125 130 654 650 701 649 702 741 1139 1138 1069 980
26 125 127 130 650 684 701 685 741 707 1140 1082 1138 1043
39 42 113 135 242 586 737 585 735 736 1127 1132 1141 865
38 121 123 134 740 673 742 719 724 728 1113 1143 1142 1136
38 63 123 134 600 673 742 675 727 728 1115 1143 1144 1015
39 42 53 55 242 129 126 240 743 128 1146 98 1145 215
39 42 55 135 242 126 737 743 735 729 1147 1130 1141 1145
41 42 55 135 78 734 732 743 735 729 1147 1123 1125 1148
35 41 42 55 88 87 444 78 734 743 1148 1149 1124 60
35 42 53 55 87 606 444 240 743 128 1146 1150 1149 909
26 27 124 125 45 653 650 665 744 651 1151 978 1152 1027
26 27 36 125 45 190 650 328 744 664 1153 1045 1152 374
27 36 124 125 328 665 744 663 664 651 994 1151 1153 996
38 62 63 81 314 600 322 745 324 319 1155 1156 360 1154
37 62 63 81 370 171 320 745 324 319 1155 358 479 1157
37 57 62 63 371 370 171 302 746 745 1158 1157 1159 475
15 57 62 63 307 306 601 302 746 745 1158 1160 1161 330
15 38 62 63 333 306 601 314 600 745 1154 1160 891 387
113 115 116 136 618 615 748 617 747 749 1164 1163 1162 940
113 115 125 136 618 649 748 655 747 750 1165 1166 1162 983
36 115 116 136 662 661 751 617 747 749 1164 1168 1167 988
36 115 125 136 662 664 751 655 747 750 1165 1169 1167 993
36 118 127 137 627 683 753 687 752 754 1172 1170 1171 1048
36 125 127 137 664 683 753 685 755 754 1173 1170 1174 1044
113 118 130 137 693 702 756 705 752 757 1176 1175 1177 1076
113 125 130 137 649 702 756 741 755 757 1179 1175 1178 1139
118 127 130 137 687 705 752 707 754 757 1180 1176 1172 1084
125 127 130 137 685 741 755 707 754 757 1180 1179 1173 1140
36 125 136 137 664 751 753 750 755 758 1182 1181 1174 1169
113 125 136 137 649 748 756 750 755 758 1182 1183 1178 1166
34 36 117 138 67 621 760 620 759 761 1186 1185 1184 943
34 36 116 138 67 642 760 661 759 762 1187 1188 1184 990
39 113 117 138 586 671 764 738 763 761 1190 1191 1189 1133
39 113 116 138 586 616 764 615 763 762 1193 1192 1189 942
36 117 128 138 620 689 759 766 761 765 1195 1194 1186 1196
113 117 128 138 738 691 763 766 761 765 1195 1197 1190 1198
34 116 133 138 642 717 760 720 762 767 1200 1199 1188 1099
39 116 133 138 616 721 764 720 762 767 1200 1201 1192 1102
34 117 120 139 621 632 769 634 768 770 1203 1202 1204 956
34 120 121 139 632 629 769 630 770 771 1206 1205 1202 951
38 117 120 139 670 669 772 634 768 770 1203 1207 1208 1005
38 120 121 139 669 740 772 630 770 771 1206 1209 1207 1210
34 121 133 139 629 717 769 716 771 773 1212 1211 1205 1097
38 121 133 139 740 739 772 716 771 773 1212 1213 1209 1137
36 117 128 140 620 689 775 766 774 776 1215 1214 1216 1196
36 119 128 140 624 689 775 690 777 776 1218 1214 1217 1051
113 117 128 140 738 691 778 766 774 776 1215 1219 1220 1198
113 119 128 140 692 691 778 690 777 776 1218 1219 1221 1054
36 117 135 140 620 730 775 731 774 779 1223 1222 1216 1116
36 119 135 140 624 730 775 733 777 779 1224 1222 1217 1121
113 117 135 140 738 736 778 731 774 779 1223 1225 1220 1131
113 119 135 140 692 736 778 733 777 779 1224 1225 1221 1128
36 118 128 141 627 689 781 688 780 782 1227 1226 1228 1050
113 118 128 141 693 691 783 688 780 782 1227 1229 1230 1053
36 116 136 141 661 751 781 749 784 785 1232 1231 1233 1168
113 116 136 141 615 748 783 749 784 785 1232 1234 1235 1163
38 39 117 139 72 670 772 671 786 768 1237 1208 1236 1007
38 39 133 139 72 739 772 721 786 773 1238 1213 1236 1135
39 117 138 139 671 764 786 761 768 787 1240 1239 1237 1191
39 133 138 139 721 764 786 767 773 787 1241 1239 1238 1201
34 117 138 139 621 760 769 761 768 787 1240 1242 1204 1185
34 133 138 139 717 760 769 767 773 787 1241 1242 1211 1199
113 128 138 141 691 763 783 765 782 788 1244 1243 1229 1197
113 116 138 141 615 763 783 762 784 788 1245 1243 1235 1193
36 128 138 141 689 759 781 765 782 788 1244 1246 1226 1194
36 116 138 141 661 759 781 762 784 788 1245 1246 1233 1187
113 118 137 141 693 756 783 752 780 789 1248 1247 1230 1177
113 136 137 141 748 756 783 758 785 789 1249 1247 1234 1183
36 118 137 141 627 753 781 752 780 789 1248 1250 1228 1171
36 136 137 141 751 753 781 758 785 789 1249 1250 1231 1181
38 55 64 120 127 790 669 591 633 672 1009 1252 1004 1251
38 63 64 81 600 790 322 169 319 321 359 1254 1156 1253
38 64 120 121 790 669 740 672 791 630 1256 1210 1255 1252
56 64 120 121 167 631 628 672 791 630 1256 952 1257 1008
38 64 121 134 790 740 742 791 792 724 1259 1142 1258 1255
38 63 64 134 600 790 742 169 727 792 1260 1258 1144 1253
56 64 121 134 167 628 722 791 792 724 1259 1104 1261 1257
56 63 64 134 170 167 722 169 727 792 1260 1261 1109 136
35 53 64 81 606 172 680 793 605 321 1263 1032 1033 1262
35 53 55 64 606 444 172 128 793 591 1264 873 1262 1150
38 53 64 81 116 790 322 793 605 321 1263 1254 907 1265
38 53 55 64 116 127 790 128 793 591 1264 1251 1265 96
#BoundaryFaces 4
PerfE1 77
24
91
280
106
180
95
23
386
48
696
698
712
727
728
1077
1078
1128
1130
1132
537
500
228
117
175
105
186
1161
594
31
194
1108
998
1111
331
199
14
514
1026
151
111
115
138
723
101
145
335
239
378
379
453
448
476
1159
571
783
568
904
658
584
642
884
793
862
846
845
848
849
889
892
1058
1059
1065
1062
1087
1088
1093
1092
Rad1 22
529
521
435
262
483
160
444
413
274
431
19
608
488
0
612
524
493
464
437
415
934
485
1 39
546
552
549
563
621
625
627
631
630
651
663
669
665
685
683
775
774
786
792
796
795
800
801
808
807
820
817
824
826
831
828
836
837
843
840
852
853
860
859
2 41
947
957
959
963
972
970
982
986
1049
1052
1064
1063
1086
1089
1096
1100
1114
1113
1117
1164
1165
1173
1172
1182
1195
1200
1203
1206
1212
1215
1218
1224
1223
1227
1232
1240
1241
1244
1245
1248
1249
#SolidTetras 1
Box1 613
0
1
2
3
4
5
6
7
8
9
10
11
12
13
14
15
16
17
18
19
20
21
22
23
24
25
26
27
28
29
30
31
32
33
34
35
36
37
38
39
40
41
42
43
44
45
46
47
48
49
50
51
52
53
54
55
56
57
58
59
60
61
62
63
64
65
66
67
68
69
70
71
72
73
74
75
76
77
78
79
80
81
82
83
84
85
86
87
88
89
90
91
92
93
94
95
96
97
98
99
100
101
102
103
104
105
106
107
108
109
110
111
112
113
114
115
116
117
118
119
120
121
122
123
124
125
126
127
128
129
130
131
132
133
134
135
136
137
138
139
140
141
142
143
144
145
146
147
148
149
150
151
152
153
154
155
156
157
158
159
160
161
162
163
164
165
166
167
168
169
170
171
172
173
174
175
176
177
178
179
180
181
182
183
184
185
186
187
188
189
190
191
192
193
194
195
196
197
198
199
200
201
202
203
204
205
206
207
208
209
210
211
212
213
214
215
216
217
218
219
220
221
222
223
224
225
226
227
228
229
230
231
232
233
234
235
236
237
238
239
240
241
242
243
244
245
246
247
248
249
250
251
252
253
254
255
256
257
258
259
260
261
262
263
264
265
266
267
268
269
270
271
272
273
274
275
276
277
278
279
280
281
282
283
284
285
286
287
288
289
290
291
292
293
294
295
296
297
298
299
300
301
302
303
304
305
306
307
308
309
310
311
312
313
314
315
316
317
318
319
320
321
322
323
324
325
326
327
328
329
330
331
332
333
334
335
336
337
338
339
340
341
342
343
344
345
346
347
348
349
350
351
352
353
354
355
356
357
358
359
360
361
362
363
364
365
366
367
368
369
370
371
372
373
374
375
376
377
378
379
380
381
382
383
384
385
386
387
388
389
390
391
392
393
394
395
396
397
398
399
400
401
402
403
404
405
406
407
408
409
410
411
412
413
414
415
416
417
418
419
420
421
422
423
424
425
426
427
428
429
430
431
432
433
434
435
436
437
438
439
440
441
442
443
444
445
446
447
448
449
450
451
452
453
454
455
456
457
458
459
460
461
462
463
464
465
466
467
468
469
470
471
472
473
474
475
476
477
478
479
480
481
482
483
484
485
486
487
488
489
490
491
492
493
494
495
496
497
498
499
500
501
502
503
504
505
506
507
508
509
510
511
512
513
514
515
516
517
518
519
520
521
522
523
524
525
526
527
528
529
530
531
532
533
534
535
536
537
538
539
540
541
542
543
544
545
546
547
548
549
550
551
552
553
554
555
556
557
558
559
560
561
562
563
564
565
566
567
568
569
570
571
572
573
574
575
576
577
578
579
580
581
582
583
584
585
586
587
588
589
590
591
592
593
594
595
596
597
598
599
600
601
602
603
604
605
606
607
608
609
610
611
612
