#Solids 1
Box1 1 1 0 0 vacuum
#Boundaries 3
PerfE1 -1
1 2 1
2 2 1
#Nodes 36
-3.3248000000000002e-04 -1.0000000000000000e-03 5.9999999999999995e-04
3.2947528303512098e-20 -2.3890629099458701e-04 5.9999999999999995e-04
-1.0000000000000000e-03 -3.3248000000000002e-04 5.9999999999999995e-04
-2.9999999999999997e-04 -5.9999999999999995e-04 2.9999999999999997e-04
1.0000000000000000e-03 3.3248000000000002e-04 0.0000000000000000e+00
1.0000000000000000e-03 -3.3248000000000002e-04 0.0000000000000000e+00
3.4686014893827198e-04 5.8791727042262206e-20 0.0000000000000000e+00
5.9999999999999995e-04 -1.4999999999999999e-04 2.9999999999999997e-04
-1.0000000000000000e-03 3.3248000000000002e-04 5.9999999999999995e-04
3.1438673886441399e-20 4.5284815930041200e-04 5.9999999999999995e-04
-3.3248000000000002e-04 1.0000000000000000e-03 5.9999999999999995e-04
-5.2452778928837197e-04 2.4963434438157598e-04 2.9230769230769197e-04
8.3266726846886694e-20 -1.0000000000000000e-03 0.0000000000000000e+00
-1.8813501784142701e-04 3.1640468023397300e-20 0.0000000000000000e+00
3.3248000000000002e-04 -1.0000000000000000e-03 5.9999999999999995e-04
1.0000000000000000e-03 -3.3248000000000002e-04 5.9999999999999995e-04
-1.7107503656241402e-05 4.4071085615158503e-05 2.9999999999999997e-04
1.0000000000000000e-03 3.3248000000000002e-04 5.9999999999999995e-04
8.3266726846886694e-20 1.0000000000000000e-03 0.0000000000000000e+00
0.0000000000000000e+00 5.9999999999999995e-04 2.9999999999999997e-04
3.3248000000000002e-04 1.0000000000000000e-03 5.9999999999999995e-04
-1.0000000000000000e-03 -1.0000000000000000e-03 0.0000000000000000e+00
1.0000000000000000e-03 0.0000000000000000e+00 2.9999999999999997e-04
1.0000000000000000e-03 -6.6624000000000002e-04 2.9999999999999997e-04
1.0000000000000000e-03 -1.0000000000000000e-03 0.0000000000000000e+00
1.0000000000000000e-03 -1.0000000000000000e-03 5.9999999999999995e-04
1.0000000000000000e-03 6.6624000000000002e-04 2.9999999999999997e-04
1.0000000000000000e-03 1.0000000000000000e-03 0.0000000000000000e+00
1.0000000000000000e-03 1.0000000000000000e-03 5.9999999999999995e-04
-1.0000000000000000e-03 5.0000000000000001e-04 0.0000000000000000e+00
-1.0000000000000000e-03 8.3266726846886694e-20 0.0000000000000000e+00
-1.0000000000000000e-03 -5.0000000000000001e-04 0.0000000000000000e+00
-1.0000000000000000e-03 2.7755575615628902e-20 4.0000000000000002e-04
-1.0000000000000000e-03 -1.0000000000000000e-03 5.9999999999999995e-04
-1.0000000000000000e-03 1.0000000000000000e-03 0.0000000000000000e+00
-1.0000000000000000e-03 1.0000000000000000e-03 5.9999999999999995e-04
#Edges 147
1 3
0 3
2 3
0 0
0 0
0 0
0 0
0 0
0 0
0 0
0 0
0 0
0 0
0 0
0 0
0 0
0 0
0 0
0 0
0 0
0 0
0 0
0 0
0 0
0 0
0 0
0 0
0 0
0 0
0 0
0 0
0 0
0 0
0 0
0 0
0 0
0 0
0 0
0 0
0 0
0 0
0 0
0 0
0 0
0 0
0 0
0 0
0 0
0 0
0 0
0 0
0 0
0 0
0 0
0 0
0 0
0 0
0 0
0 0
0 0
0 0
0 0
0 0
0 0
0 0
0 0
0 0
0 0
0 0
0 0
0 0
0 0
0 0
0 0
0 0
0 0
0 0
0 0
0 0
0 0
0 0
0 0
0 0
0 0
0 0
0 0
0 0
0 0
0 0
0 0
0 0
0 0
0 0
0 0
0 0
0 0
0 0
0 0
0 0
0 0
0 0
0 0
0 0
0 0
0 0
0 0
0 0
0 0
0 0
0 0
0 0
0 0
0 0
0 0
0 0
0 0
0 0
0 0
0 0
0 0
0 0
0 0
0 0
0 0
0 0
0 0
0 0
0 0
0 0
0 0
0 0
0 0
0 0
0 0
0 0
0 0
0 0
0 0
0 0
0 0
0 0
0 0
0 0
0 0
0 0
0 0
0 0
#Faces 195
0 1 2 3 4 5
0 2 3 2 1 4
0 1 3 0 1 5
1 2 3 2 0 3
4 5 6 9 10 11
4 6 7 8 7 10
4 5 7 6 7 11
5 6 7 8 6 9
8 9 10 15 16 17
8 10 11 14 13 16
8 9 11 12 13 17
9 10 11 14 12 15
6 12 13 20 18 21
3 6 13 18 19 23
3 6 12 21 22 23
3 12 13 20 19 22
1 14 15 26 25 28
1 7 14 27 28 29
7 14 15 26 24 27
1 7 15 24 25 29
6 9 16 32 31 34
6 7 9 33 34 8
6 7 16 30 31 8
7 9 16 32 30 33
6 7 12 35 21 8
3 7 12 35 22 36
3 6 7 8 36 23
1 9 17 39 38 40
1 7 17 37 38 29
7 9 17 39 37 33
1 7 9 33 40 29
1 9 16 32 41 40
1 7 16 30 41 29
6 13 18 45 46 18
13 18 19 44 42 45
6 18 19 44 43 46
6 13 19 42 43 18
1 8 9 17 40 48
1 8 11 13 47 48
1 9 11 12 47 40
9 10 20 49 50 15
9 19 20 51 50 53
10 19 20 51 49 52
9 10 19 52 53 15
9 11 19 54 53 12
10 11 19 54 52 14
1 3 14 55 28 0
3 7 14 27 55 36
1 3 7 36 29 0
10 18 20 56 49 57
18 19 20 51 56 44
10 18 19 44 52 57
1 11 16 58 41 47
9 11 16 58 32 12
5 6 12 21 59 9
5 7 12 35 59 6
0 12 14 61 60 62
0 3 12 22 62 1
3 12 14 61 55 22
0 3 14 55 60 1
0 1 14 28 60 5
7 12 14 61 27 35
6 13 16 64 31 18
3 13 16 64 63 19
3 6 16 31 63 23
1 15 17 65 38 25
7 15 17 65 37 24
3 11 16 58 63 66
1 3 16 63 41 0
1 3 11 66 47 0
3 11 13 67 19 66
11 13 16 64 58 67
3 7 16 30 63 36
0 3 21 68 69 1
3 12 21 70 68 22
0 12 21 70 69 62
4 6 19 43 71 10
4 6 18 46 72 10
4 18 19 44 71 72
9 17 19 74 53 39
17 19 20 51 73 74
9 17 20 73 50 39
4 6 17 75 76 10
4 17 19 74 71 76
6 17 19 74 43 75
4 7 17 37 76 7
6 7 17 37 75 8
6 9 17 39 75 34
6 9 19 53 43 34
11 16 19 77 54 58
9 16 19 77 53 32
13 16 19 77 42 64
11 13 19 42 54 67
6 16 19 77 43 31
7 17 22 80 79 37
15 17 22 80 78 65
7 15 22 78 79 24
4 7 22 79 81 7
4 17 22 80 81 76
5 7 22 79 82 6
5 15 22 78 82 83
5 7 15 24 83 6
4 5 22 82 81 11
14 23 24 87 88 89
14 23 25 84 85 89
23 24 25 86 84 87
14 24 25 86 85 88
14 15 23 91 89 26
15 23 25 84 90 91
14 15 25 90 85 26
20 26 27 95 96 97
26 27 28 94 92 95
20 26 28 92 93 97
20 27 28 94 93 96
17 20 26 97 99 73
17 26 28 92 98 99
17 20 28 93 98 73
11 13 29 103 104 67
13 29 30 102 100 103
11 29 30 102 101 104
11 13 30 100 101 67
11 13 31 105 106 67
11 30 31 107 106 101
13 30 31 107 105 100
11 31 32 110 109 106
11 30 32 108 109 101
30 31 32 110 108 107
3 12 31 111 112 22
3 21 31 113 112 68
12 21 31 113 111 70
3 13 31 105 112 19
12 13 31 105 111 20
0 3 33 114 115 1
0 21 33 116 115 69
3 21 33 116 114 68
0 2 33 117 115 4
2 3 33 114 117 2
3 31 33 118 114 112
21 31 33 118 116 113
2 31 33 118 117 119
2 3 31 112 119 2
3 11 31 106 112 66
1 3 32 122 121 0
2 3 32 122 120 2
1 2 32 120 121 3
3 11 32 109 122 66
1 11 32 109 121 47
1 8 32 123 121 48
1 2 8 124 48 3
2 8 32 123 120 124
8 11 32 109 123 13
3 31 32 110 122 112
2 31 32 110 120 119
11 29 32 125 109 104
29 30 32 108 125 102
8 11 29 104 126 13
8 29 32 125 123 126
17 19 26 127 99 74
19 20 26 97 127 51
4 17 26 99 128 76
4 19 26 127 128 71
18 19 26 127 129 44
18 20 26 97 129 56
4 18 26 129 128 72
18 26 27 95 130 129
18 20 27 96 130 56
4 18 27 130 131 72
4 26 27 95 131 128
7 15 23 91 132 24
7 14 23 89 132 27
5 15 23 91 133 83
5 7 23 132 133 6
7 12 23 134 132 35
12 14 23 89 134 61
5 12 23 134 133 59
12 23 24 87 135 134
12 14 24 88 135 61
5 12 24 135 136 59
5 23 24 87 136 133
8 10 29 137 126 16
10 11 29 104 137 14
10 18 29 141 137 57
10 18 34 138 139 57
10 29 34 140 139 137
18 29 34 140 138 141
11 13 18 45 142 67
13 18 29 141 103 45
11 18 29 141 104 142
11 18 19 44 54 142
10 11 18 142 57 14
10 29 35 145 143 137
8 10 35 143 144 16
8 29 35 145 144 126
10 34 35 146 143 139
29 34 35 146 145 140
#Tetras 83
0 1 2 3 5 4 1 3 0 2 3 1 2 0
4 5 6 7 11 10 7 9 6 8 7 5 6 4
8 9 10 11 17 16 13 15 12 14 11 9 10 8
3 6 12 13 23 22 19 21 18 20 12 15 13 14
1 7 14 15 29 28 25 27 24 26 18 16 19 17
6 7 9 16 8 34 31 33 30 32 23 20 22 21
3 6 7 12 23 36 22 8 21 35 24 25 14 26
1 7 9 17 29 40 38 33 37 39 29 27 28 30
1 7 9 16 29 40 41 33 30 32 23 31 32 30
6 13 18 19 18 46 43 45 42 44 34 35 36 33
1 8 9 11 48 40 47 17 13 12 10 39 38 37
9 10 19 20 15 53 50 52 49 51 42 41 40 43
9 10 11 19 15 12 53 14 52 54 45 44 43 11
1 3 7 14 0 29 28 36 55 27 47 17 46 48
10 18 19 20 57 52 49 44 56 51 50 42 49 51
1 9 11 16 40 47 41 12 32 58 53 52 31 39
5 6 7 12 9 6 59 8 21 35 24 55 54 7
0 3 12 14 1 62 60 22 55 61 58 56 59 57
0 1 3 14 5 1 60 0 28 55 46 59 60 2
3 7 12 14 36 22 55 35 27 61 61 58 47 25
3 6 13 16 23 19 63 18 31 64 62 63 64 13
1 7 15 17 29 25 38 24 37 65 66 65 28 19
1 3 11 16 0 47 41 66 63 58 67 52 68 69
3 11 13 16 66 19 63 67 58 64 71 63 67 70
1 3 7 16 0 29 41 36 63 30 72 32 68 48
3 6 7 16 23 36 63 8 31 30 22 72 64 26
0 3 12 21 1 62 69 22 68 70 74 75 73 57
4 6 18 19 10 72 71 46 43 44 35 78 76 77
9 17 19 20 39 53 50 74 73 51 80 41 81 79
4 6 17 19 10 76 71 75 43 74 84 83 76 82
4 6 7 17 10 7 76 8 75 37 86 85 82 5
6 9 17 19 34 75 43 39 53 74 79 84 88 87
6 7 9 17 8 34 75 33 37 39 29 87 86 21
9 11 16 19 12 32 53 58 54 77 89 90 44 53
11 13 16 19 67 58 54 64 42 77 91 89 92 71
6 9 16 19 34 31 43 32 53 77 90 93 88 20
6 13 16 19 18 31 43 64 42 77 91 93 36 62
7 15 17 22 24 37 79 65 78 80 95 94 96 66
4 7 17 22 7 76 81 37 79 80 94 98 97 85
5 7 15 22 6 83 82 24 79 78 96 100 99 101
4 5 7 22 11 7 81 6 82 79 99 97 102 6
14 23 24 25 89 88 85 87 84 86 105 106 104 103
14 15 23 25 26 89 85 91 90 84 108 104 109 107
20 26 27 28 97 96 93 95 92 94 111 113 112 110
17 20 26 28 73 99 98 97 93 92 112 115 116 114
11 13 29 30 67 104 101 103 100 102 118 119 120 117
11 13 30 31 67 101 106 100 105 107 123 122 121 120
11 30 31 32 101 106 109 107 108 110 126 124 125 122
3 12 21 31 22 68 112 70 111 113 129 128 127 74
3 12 13 31 22 19 112 20 111 105 131 130 127 15
0 3 21 33 1 69 115 68 114 116 134 133 132 73
0 2 3 33 4 1 115 2 117 114 136 132 135 1
3 21 31 33 68 112 114 113 116 118 138 137 134 128
2 3 31 33 2 119 117 112 114 118 137 139 136 140
3 11 13 31 66 19 112 67 106 105 121 130 141 70
1 2 3 32 3 0 121 2 120 122 143 142 144 3
1 3 11 32 0 47 121 66 122 109 145 146 142 69
1 2 8 32 3 48 121 124 120 123 149 147 144 148
1 8 11 32 48 47 121 13 123 109 150 146 147 38
2 3 31 32 2 119 120 112 122 110 151 152 143 140
3 11 31 32 66 112 122 106 109 110 124 151 145 141
11 29 30 32 104 101 109 102 125 108 154 125 153 119
8 11 29 32 13 126 123 104 109 125 153 156 150 155
17 19 20 26 74 73 99 51 127 97 158 114 157 80
4 17 19 26 76 71 128 74 99 127 157 160 159 83
18 19 20 26 44 56 129 51 127 97 158 162 161 50
4 18 19 26 72 71 128 44 129 127 161 160 163 78
18 20 26 27 56 129 130 97 96 95 110 164 165 162
4 18 26 27 72 128 131 129 130 95 164 167 166 163
7 14 15 23 27 24 132 26 89 91 107 168 169 18
5 7 15 23 6 83 133 24 132 91 168 170 171 101
7 12 14 23 35 27 132 61 134 89 173 169 172 61
5 7 12 23 6 59 133 35 132 134 172 174 171 55
12 14 23 24 61 134 135 89 88 87 103 175 176 173
5 12 23 24 59 133 136 134 135 87 175 178 177 174
8 10 11 29 16 13 126 14 137 104 180 155 179 9
10 18 29 34 57 137 139 141 138 140 184 183 182 181
11 13 18 29 67 142 104 45 103 141 186 187 117 185
11 13 18 19 67 142 54 45 42 44 34 188 92 185
10 11 18 29 14 57 137 142 104 141 187 181 180 189
10 11 18 19 14 57 52 142 54 44 188 51 45 189
8 10 29 35 16 126 144 137 143 145 190 192 191 179
10 29 34 35 137 139 143 140 145 146 194 193 190 183
#BoundaryFaces 3
PerfE1 37
27
8
109
65
40
191
148
37
81
116
16
0
135
60
12
177
54
4
77
33
166
118
123
129
131
184
186
56
106
176
75
133
113
165
49
182
193
1 12
100
102
98
95
170
108
105
178
115
159
167
111
2 9
149
152
126
138
139
154
156
192
194
#SolidTetras 1
Box1 83
0
1
2
3
4
5
6
7
8
9
10
11
12
13
14
15
16
17
18
19
20
21
22
23
24
25
26
27
28
29
30
31
32
33
34
35
36
37
38
39
40
41
42
43
44
45
46
47
48
49
50
51
52
53
54
55
56
57
58
59
60
61
62
63
64
65
66
67
68
69
70
71
72
73
74
75
76
77
78
79
80
81
82
