1.00000000e+10 -2.443564308822723e+01 -2.685325808704189e+01 -2.727165619263669e+01 -2.640377492065902e+01
1.00000000e+10 -2.443564308822728e+01 -2.685325808704188e+01 -2.727165619263669e+01 -2.640377492065901e+01
1.00000000e+10 -4.847489683039393e+01 -2.728089679592800e+01 -2.768947579229048e+01 -5.230099998062887e+01
1.00000000e+10 -8.037741382831530e+01 -2.728245767152027e+01 -2.710026207271247e+01 -8.459463686134711e+01
1.00000000e+10 -8.037741382838581e+01 -2.728245767152026e+01 -2.710026207271248e+01 -8.459463686154351e+01
1.00000000e+10 -6.759139763552571e+01 -2.708414480027300e+01 -2.703786984100498e+01 -6.646187481055685e+01
1.00000000e+10 -6.759139763553958e+01 -2.708414480027301e+01 -2.703786984100497e+01 -6.646187481057308e+01
1.00000000e+09 -6.750208212667761e+01 -2.732789997629764e+01 -2.729082459228486e+01 -6.303973702123443e+01
3.00000000e+10 -6.787880645443369e+01 -2.499886985649697e+01 -2.483316595401537e+01 -4.969134059976960e+01
1.00000000e+11 -5.848902256345184e+01 -7.785638534941467e-03 -5.524614464033402e-02 -4.827205784354696e+01
4.00000000e+10 -6.191373015960657e+01 -2.310429087876405e+01 -2.300943259686176e+01 -5.045876238563164e+01
7.50000000e+10 -5.910574537481768e+01 -5.926527444276044e-03 -4.784379173385306e-03 -7.141615135166192e+01
7.50000000e+10 -5.910574537495123e+01 -5.926527444269289e-03 -4.784379173373728e-03 -7.141615135208264e+01
7.50000000e+10 -5.910574537455047e+01 -5.926527444263499e-03 -4.784379173380482e-03 -7.141615135246978e+01
7.50000000e+10 -3.797002797270842e+01 -6.931323522147024e-04 -6.931323522204888e-04 -3.797002797271026e+01
7.50000000e+10 -3.797002797271954e+01 -6.931323522147024e-04 -6.931323522243464e-04 -3.797002797272106e+01
7.50000000e+10 -3.797002797270718e+01 -6.931323522320618e-04 -6.931323522368838e-04 -3.797002797270740e+01
7.50000000e+10 -3.797002797270952e+01 -6.931323522349550e-04 -6.931323522310973e-04 -3.797002797270959e+01
1.00000000e+10 -2.437224250023591e+01 -2.654133858813256e+01 -2.654133858813255e+01 -2.654319216952128e+01
1.00000000e+11 -1.794589481576480e+01 -9.578590842812514e-02 -9.578590842812805e-02 -1.809544174785890e+01
7.50000000e+11 -1.182282180375641e+00 -5.173202179032223e+01 -5.173202179032224e+01 -1.928693161430085e+00
7.50000000e+10 -4.761283177014993e+00 -5.551213685438809e-02 -5.551213685439197e-02 -5.927234787649227e-03
7.50000000e+10 -4.910093813216950e+00 -1.389336331537123e-01 -1.389336331537123e-01 -1.928654933106575e-15
7.50000000e+10 -4.910093813216929e+00 -1.389336331536976e-01 -1.389336331536986e-01 -7.714619732426300e-15
1.00000000e+09 -2.412705982850943e+01 -2.677301877552783e+01 -2.677301877552783e+01 -2.638478043694153e+01
1.00000000e+10 -2.421755157027571e+01 -2.653380296366460e+01 -2.653380296366460e+01 -2.645779278097476e+01
2.00000000e+10 -2.450245599251983e+01 -2.579655655824909e+01 -2.579655655824909e+01 -2.668131538613603e+01
2.00000000e+11 -1.360842819774109e+01 -1.934542609018272e-01 -1.934542609018331e-01 -1.360842819774109e+01
1.00000000e+11 -1.817698147450289e+01 -6.659037001099327e-02 -6.659037001099619e-02 -1.817698147450288e+01
1.00000000e+11 -4.407177400218874e+01 -1.700651843977732e-04 -1.700651844035593e-04 -4.407177400218846e+01
1.00000000e+11 -7.688810474548252e+01 -8.891475760573887e-08 -8.891475953439384e-08 -7.688810474547770e+01
1.00000000e+11 -7.688810474545068e+01 -8.891475471275646e-08 -8.891475857006638e-08 -7.688810474545934e+01
1.00000000e+11 -7.688810474550407e+01 -8.891475953439384e-08 -8.891475857006638e-08 -7.688810474546918e+01
1.00000000e+11 -7.688810474548221e+01 -8.891475760573887e-08 -8.891475567708394e-08 -7.688810474547770e+01
1.00000000e+11 -7.688810474546118e+01 -8.891475567708394e-08 -8.891475567708394e-08 -7.688810474546885e+01
1.00000000e+11 -7.688810474543996e+01 -8.891475567708394e-08 -8.891475760573887e-08 -7.688810474545116e+01
1.00000000e+11 -7.688810474548252e+01 -8.891475374842897e-08 -8.891475471275646e-08 -7.688810474546000e+01
