1.00000000e+10 -7.299192582905509e+01 -5.294196190867724e+01 -5.294196190867726e+01 -7.443951297419061e+01
1.00000000e+10 -7.299192582905509e+01 -5.294196190867724e+01 -5.294196190867724e+01 -7.443951297421093e+01
1.00000000e+10 -7.299192582905509e+01 -5.294196190867724e+01 -5.294196190867726e+01 -7.443951297419061e+01
1.00000000e+10 -7.299192582905509e+01 -5.294196190867724e+01 -5.294196190867726e+01 -7.443951297419061e+01
1.00000000e+10 -7.299192582905509e+01 -5.294196190867724e+01 -5.294196190867726e+01 -7.443951297421093e+01
1.00000000e+10 -7.299192582905509e+01 -5.294196190867724e+01 -5.294196190867726e+01 -7.443951297419061e+01
1.00000000e+10 -7.299192582905509e+01 -5.294196190867724e+01 -5.294196190867726e+01 -7.443951297419061e+01
1.00000000e+10 -3.331960033591070e+01 -5.282189868581532e+01 -5.282189868581532e+01 -3.471986899875951e+01
1.00000000e+10 -3.331960033591056e+01 -5.282189868581533e+01 -5.282189868581532e+01 -3.471986899875951e+01
1.00000000e+10 -3.331960033591066e+01 -5.282189868581532e+01 -5.282189868581532e+01 -3.471986899875935e+01
1.00000000e+10 -3.331960033591025e+01 -5.282189868581534e+01 -5.282189868581534e+01 -3.471986899875904e+01
1.00000000e+10 -3.331960033591021e+01 -5.282189868581533e+01 -5.282189868581534e+01 -3.471986899875904e+01
1.00000000e+10 -3.331960033591012e+01 -5.282189868581534e+01 -5.282189868581534e+01 -3.471986899875898e+01
1.00000000e+10 -3.331960033591021e+01 -5.282189868581533e+01 -5.282189868581534e+01 -3.471986899875898e+01
1.00000000e+10 -3.331960033591061e+01 -5.282189868581533e+01 -5.282189868581532e+01 -3.471986899875904e+01
7.50000000e+10 -4.872252019725050e+01 -1.873494760033294e-02 -1.348498556497192e-02 -5.343588215242323e+01
7.50000000e+10 -4.448527876110008e+01 -3.009315110432960e-02 -2.781841127877759e-02 -5.467960510823421e+01
1.00000000e+11 -3.053463711868697e+01 -3.841604624386711e-03 -3.841604624420477e-03 -3.053463711868805e+01
1.00000000e+11 -3.053463711868606e+01 -3.841604624349086e-03 -3.841604624410830e-03 -3.053463711868474e+01
7.50000000e+10 -1.169076090082973e+02 -8.849633160564024e-12 -8.842882868298144e-12 -1.169076090048317e+02
7.50000000e+10 -1.169076090096090e+02 -8.857347780296459e-12 -8.843847195764699e-12 -1.169076090080500e+02
7.50000000e+10 -1.169076090056737e+02 -8.856383452829903e-12 -8.853490470430241e-12 -1.169076090022069e+02
7.50000000e+10 -1.169076090072061e+02 -8.861205090162675e-12 -8.852526142963687e-12 -1.169076090084624e+02
7.50000000e+10 -3.589661032061366e+01 -1.117324043185547e-03 -1.117324043173009e-03 -3.589661032061162e+01
1.00000000e+11 -3.053463711868526e+01 -3.841604624399253e-03 -3.841604624427231e-03 -3.053463711868491e+01
1.00000000e+11 -6.992197935532153e+01 -4.421670449103134e-07 -4.421670555179161e-07 -6.992197935527292e+01
1.00000000e+11 -3.053463711868593e+01 -3.841604624398288e-03 -3.841604624418548e-03 -3.053463711868622e+01
7.50000000e+10 -3.589661032061222e+01 -1.117324043196156e-03 -1.117324043185547e-03 -3.589661032061095e+01
1.00000000e+11 -3.053463711868423e+01 -3.841604624411794e-03 -3.841604624429160e-03 -3.053463711868356e+01
