5.00000000e+10 -7.646440312507605e+01 -2.853577071175649e+01 -2.853577071175650e+01 -7.705032145172018e+01
5.50000000e+10 -7.427891062704029e+01 -1.947711569163176e+01 -1.947711569163176e+01 -7.463573897382228e+01
6.00000000e+10 -6.069640506716709e+01 -3.699508169153467e-06 -3.699508166260483e-06 -6.069640506714978e+01
6.50000000e+10 -7.321550821466008e+01 -2.071254717983251e-07 -2.071254602263951e-07 -7.321550821468784e+01
7.00000000e+10 -7.250318506342462e+01 -2.440427025468956e-07 -2.440427092971881e-07 -7.250318506338277e+01
7.50000000e+10 -7.107633195127086e+01 -3.389620166108736e-07 -3.389620628985938e-07 -7.107633195144989e+01
8.00000000e+10 -6.960211433172519e+01 -4.759627176185446e-07 -4.759627079752694e-07 -6.960211433186120e+01
8.50000000e+10 -6.818847541367786e+01 -6.590779773108794e-07 -6.590779763465519e-07 -6.818847541373013e+01
9.00000000e+10 -6.755743829578222e+01 -7.621501318276517e-07 -7.621501298989965e-07 -6.755743829578358e+01
9.50000000e+10 -6.819447909974231e+01 -6.581674920350545e-07 -6.581674910707270e-07 -6.819447909984605e+01
1.00000000e+11 -6.992197935507578e+01 -4.421670535892611e-07 -4.421670535892611e-07 -6.992197935519528e+01
6.00000000e+10 -2.051116755009545e+01 -4.508110595265157e-02 -4.508110595265061e-02 -2.053747956507728e+01
6.00000000e+10 -1.108132294785306e+02 -1.032476682093745e-08 -1.032476103497264e-08 -1.108131527994498e+02
1.00000000e+11 -1.100635574684956e+02 -4.078261328794228e-07 -4.078261579519381e-07 -1.100648044158320e+02
6.50000000e+10 -1.224359466828992e+02 -1.405019044641471e-08 -1.405020491132673e-08 -1.224473080582143e+02
6.50000000e+10 -7.326233573607067e+01 -1.927341892505987e-05 -1.927341894145348e-05 -7.330249344978986e+01
6.50000000e+10 -7.326233573612294e+01 -1.927341891445225e-05 -1.927341893663183e-05 -7.330249344973663e+01
1.00000000e+11 -6.963390771016886e+01 -1.685943563509936e-04 -1.685943563664231e-04 -6.964523324879009e+01
1.00000000e+11 -6.963390771015443e+01 -1.685943563712448e-04 -1.685943564117474e-04 -6.964523324879094e+01
1.00000000e+11 -6.992197935510460e+01 -4.421670786617764e-07 -4.421670285167456e-07 -6.992197935514071e+01
1.00000000e+11 -1.103105498631446e+02 -4.043039336280722e-11 -4.042075008814163e-11 -1.103105498721037e+02
1.00000000e+11 -3.053463711868575e+01 -3.841604624364522e-03 -3.841604624389605e-03 -3.053463711868652e+01
1.00000000e+11 -6.992197935517061e+01 -4.421670969839992e-07 -4.421670468389685e-07 -6.992197935524375e+01
1.00000000e+10 -7.284833203880831e+01 -5.294193564760743e+01 -5.294193564760742e+01 -7.427435714994849e+01
5.00000000e+10 -7.646440312492841e+01 -2.853577071175657e+01 -2.853577071175657e+01 -7.705032145167210e+01
6.50000000e+10 -7.321550821453967e+01 -2.071254679410151e-07 -2.071254766199625e-07 -7.321550821453962e+01
6.50000000e+10 -1.224327305198513e+02 -2.470606969309873e-12 -2.463856677043998e-12 -1.224327305491083e+02
6.50000000e+10 -1.224327305604105e+02 -2.473499951709533e-12 -2.469642641843320e-12 -1.224327305652900e+02
6.50000000e+10 -1.224327305478277e+02 -2.470606969309873e-12 -2.473499951709533e-12 -1.224327305586367e+02
6.50000000e+10 -1.224327305345834e+02 -2.473499951709533e-12 -2.475428606642640e-12 -1.224327305404519e+02
6.50000000e+10 -7.321550821452887e+01 -2.071254679410151e-07 -2.071254775842900e-07 -7.321550821451675e+01
6.50000000e+10 -2.803377587616079e+01 -6.835156089228657e-03 -6.835156089205494e-03 -2.803377587616234e+01
6.50000000e+10 -7.321550821448892e+01 -2.071254708339975e-07 -2.071254717983251e-07 -7.321550821456928e+01
6.50000000e+10 -1.224327305355956e+02 -2.475428606642640e-12 -2.472535624242980e-12 -1.224327305465366e+02
6.50000000e+10 -1.224327305448547e+02 -2.469642641843320e-12 -2.465785331977105e-12 -1.224327305533285e+02
1.00000000e+11 -3.020773254431896e+01 -4.212347970199840e-02 -4.212347970200034e-02 -3.033335654806676e+01
1.00000000e+11 -6.963390771015020e+01 -1.685943563587083e-04 -1.685943564021039e-04 -6.964523324875404e+01
1.00000000e+11 -1.100635574636843e+02 -4.078261483086630e-07 -4.078261492729905e-07 -1.100648044194742e+02
1.00000000e+11 -1.100635574614348e+02 -4.078261425226979e-07 -4.078261627735756e-07 -1.100648044120591e+02
1.00000000e+11 -1.100635574634202e+02 -4.078261512016455e-07 -4.078261531303005e-07 -1.100648044188215e+02
1.00000000e+11 -1.100635574645250e+02 -4.078261390785496e-07 -4.078261574007732e-07 -1.100648044079794e+02
1.00000000e+11 -1.103105498268565e+02 -4.042846470796818e-11 -4.040966032237021e-11 -1.103105498607589e+02
1.00000000e+11 -1.103105498646148e+02 -4.041978576067508e-11 -4.043232201774032e-11 -1.103105498644702e+02
1.00000000e+11 -1.103105498646148e+02 -4.041978576067508e-11 -4.043232201774032e-11 -1.103105498644702e+02
1.00000000e+11 -1.103105498468011e+02 -4.044100096493935e-11 -4.042460739800786e-11 -1.103105498462397e+02
1.00000000e+11 -1.103105498551547e+02 -4.043617932760656e-11 -4.043617932760656e-11 -1.103105498507392e+02
1.00000000e+11 -1.103105498594307e+02 -4.042750038040754e-11 -4.043521500014000e-11 -1.103105498575234e+02
1.00000000e+11 -1.103105498732345e+02 -4.043328634520688e-11 -4.043907231000623e-11 -1.103105498697060e+02
1.00000000e+11 -1.103105498475765e+02 -4.043232201774032e-11 -4.043521500014000e-11 -1.103105498504174e+02
1.00000000e+11 -1.103105498448141e+02 -4.043039336280722e-11 -4.043328634520688e-11 -1.103105498472479e+02
1.00000000e+11 -1.103105498633655e+02 -4.043521500014000e-11 -4.043328634520688e-11 -1.103105498647200e+02
1.00000000e+11 -1.103105498425630e+02 -4.043135769027377e-11 -4.043425067267344e-11 -1.103105498411289e+02
1.00000000e+11 -1.103105498594307e+02 -4.042750038040754e-11 -4.043521500014000e-11 -1.103105498575234e+02
1.00000000e+11 -1.103105498444141e+02 -4.042846470787410e-11 -4.043425067267344e-11 -1.103105498462943e+02
1.00000000e+11 -1.103105498618761e+02 -4.042846470787410e-11 -4.042942903534065e-11 -1.103105498630659e+02
1.00000000e+11 -1.100635574706121e+02 -4.078261463800080e-07 -4.078261550589556e-07 -1.100648044179768e+02
1.00000000e+11 -1.846052479304726e+01 -1.667059552201941e+00 -1.390233654396589e-04 -7.193825518127814e+01
1.00000000e+11 -1.125141507682742e+02 2.240710908116188e-06 1.422839378392309e-06 -1.139654802111627e+02
1.00000000e+11 -1.103105498600311e+02 -4.043617932760656e-11 -4.043425067267344e-11 -1.103105498537372e+02
1.00000000e+11 -1.103105498576883e+02 -4.043039336280722e-11 -4.043328634520688e-11 -1.103105498556509e+02
1.00000000e+11 -6.992197935526180e+01 -4.421670478032960e-07 -4.421670834834140e-07 -6.992197935518895e+01
1.00000000e+10 -7.284833203871517e+01 -5.294193564760745e+01 -5.294193564760744e+01 -7.427435715001833e+01
1.09000000e+10 -7.288364621353620e+01 -5.279452447104476e+01 -5.279452447104477e+01 -7.430768675921350e+01
1.18000000e+10 -7.292205227601214e+01 -5.263395004957682e+01 -5.263395004957682e+01 -7.434388523571775e+01
1.27000000e+10 -7.296356170625675e+01 -5.246009155436142e+01 -5.246009155436142e+01 -7.438295030078932e+01
1.36000000e+10 -7.300818643445722e+01 -5.227281648696007e+01 -5.227281648696007e+01 -7.442487868137837e+01
1.45000000e+10 -7.305593870267617e+01 -5.207198014486803e+01 -5.207198014486804e+01 -7.446966588683171e+01
1.54000000e+10 -7.310683090491150e+01 -5.185742502479290e+01 -5.185742502479290e+01 -7.451730594871503e+01
1.63000000e+10 -7.316087539625931e+01 -5.162898015759485e+01 -5.162898015759485e+01 -7.456779112469326e+01
1.72000000e+10 -7.321808427108850e+01 -5.138646036789381e+01 -5.138646036789380e+01 -7.462111156193710e+01
1.81000000e+10 -7.327846910362888e+01 -5.112966545030594e+01 -5.112966545030594e+01 -7.467725490355144e+01
1.90000000e+10 -7.334204064054431e+01 -5.085837925305658e+01 -5.085837925305658e+01 -7.473620584654822e+01
1.99000000e+10 -7.340880844142268e+01 -5.057236865830882e+01 -5.057236865830883e+01 -7.479794562751547e+01
2.08000000e+10 -7.347878045625164e+01 -5.027138244689471e+01 -5.027138244689471e+01 -7.486245143375183e+01
2.17000000e+10 -7.355196252697399e+01 -4.995515003320100e+01 -4.995515003320100e+01 -7.492969572775027e+01
2.26000000e+10 -7.362835779793315e+01 -4.962338005367904e+01 -4.962338005367904e+01 -7.499964546381503e+01
2.35000000e+10 -7.370796602327266e+01 -4.927575878974376e+01 -4.927575878974376e+01 -7.507226118584062e+01
2.44000000e+10 -7.379078274363799e+01 -4.891194840261517e+01 -4.891194840261518e+01 -7.514749598416027e+01
2.53000000e+10 -7.387679830910636e+01 -4.853158495381854e+01 -4.853158495381854e+01 -7.522529428072835e+01
2.62000000e+10 -7.396599672298152e+01 -4.813427618045117e+01 -4.813427618045117e+01 -7.530559042181814e+01
2.71000000e+10 -7.405835425576373e+01 -4.771959898877843e+01 -4.771959898877843e+01 -7.538830702897219e+01
2.80000000e+10 -7.415383779531540e+01 -4.728709662298762e+01 -4.728709662298762e+01 -7.547335307778360e+01
2.89000000e+10 -7.425240286786401e+01 -4.683627545774219e+01 -4.683627545774220e+01 -7.556062163496814e+01
2.98000000e+10 -7.435399125663044e+01 -4.636660135314168e+01 -4.636660135314169e+01 -7.564998719541728e+01
3.07000000e+10 -7.445852813055950e+01 -4.587749549833214e+01 -4.587749549833213e+01 -7.574130253713533e+01
3.16000000e+10 -7.456591857120277e+01 -4.536832965469807e+01 -4.536832965469807e+01 -7.583439497799644e+01
3.25000000e+10 -7.467604334293208e+01 -4.483842069045785e+01 -4.483842069045786e+01 -7.592906191875886e+01
3.34000000e+10 -7.478875373713640e+01 -4.428702427448868e+01 -4.428702427448867e+01 -7.602506549731159e+01
3.43000000e+10 -7.490386524699288e+01 -4.371332756685581e+01 -4.371332756685580e+01 -7.612212615090169e+01
3.52000000e+10 -7.502114976954994e+01 -4.311644070481991e+01 -4.311644070481991e+01 -7.621991481735380e+01
3.61000000e+10 -7.514032594783512e+01 -4.249538683335574e+01 -4.249538683335574e+01 -7.631804342729320e+01
3.70000000e+10 -7.526104713426305e+01 -4.184909036470862e+01 -4.184909036470862e+01 -7.641605324765123e+01
3.79000000e+10 -7.538288630558370e+01 -4.117636306706839e+01 -4.117636306706841e+01 -7.651340047678619e+01
3.88000000e+10 -7.550531701760968e+01 -4.047588747075876e+01 -4.047588747075876e+01 -7.660943831541343e+01
3.97000000e+10 -7.562768920351401e+01 -3.974619693099739e+01 -3.974619693099739e+01 -7.670339446244729e+01
4.06000000e+10 -7.574919817656139e+01 -3.898565148421036e+01 -3.898565148421036e+01 -7.679434262101131e+01
4.15000000e+10 -7.586884459098033e+01 -3.819240835789660e+01 -3.819240835789660e+01 -7.688116605334356e+01
4.24000000e+10 -7.598538226469147e+01 -3.736438560897748e+01 -3.736438560897747e+01 -7.696251049549431e+01
4.33000000e+10 -7.609724950826467e+01 -3.649921682198496e+01 -3.649921682198495e+01 -7.703672259522355e+01
4.42000000e+10 -7.620247778359041e+01 -3.559419401794567e+01 -3.559419401794565e+01 -7.710176842621243e+01
4.51000000e+10 -7.629856876030154e+01 -3.464619478304044e+01 -3.464619478304044e+01 -7.715512413996917e+01
4.60000000e+10 -7.638232672221535e+01 -3.365158792077085e+01 -3.365158792077085e+01 -7.719362700140050e+01
4.69000000e+10 -7.644962680825691e+01 -3.260610932451883e+01 -3.260610932451883e+01 -7.721326904483898e+01
4.78000000e+10 -7.649508939320253e+01 -3.150469567712978e+01 -3.150469567712977e+01 -7.720890597195481e+01
4.87000000e+10 -7.651161432096143e+01 -3.034125697366184e+01 -3.034125697366182e+01 -7.717383788347080e+01
4.96000000e+10 -7.648970087117530e+01 -2.910835781199836e+01 -2.910835781199836e+01 -7.709919121346304e+01
5.05000000e+10 -7.641643090198880e+01 -2.779675818272188e+01 -2.779675818272187e+01 -7.697298294282115e+01
5.14000000e+10 -7.627390455313656e+01 -2.639472952043965e+01 -2.639472952043965e+01 -7.677865900281431e+01
5.23000000e+10 -7.603674866578025e+01 -2.488699457115252e+01 -2.488699457115252e+01 -7.649272506473382e+01
5.32000000e+10 -7.566796962949522e+01 -2.325300166222351e+01 -2.325300166222352e+01 -7.608072701076520e+01
5.41000000e+10 -7.511163810800922e+01 -2.146393662650141e+01 -2.146393662650141e+01 -7.549002334668822e+01
5.50000000e+10 -7.427891062734973e+01 -1.947711569163172e+01 -1.947711569163172e+01 -7.463573897392629e+01
5.59000000e+10 -7.301803749080263e+01 -1.722424277294976e+01 -1.722424277294977e+01 -7.337028484320078e+01
5.68000000e+10 -7.103745870377250e+01 -1.458252934201813e+01 -1.458252934201814e+01 -7.140502371054207e+01
5.77000000e+10 -6.763869591659316e+01 -1.128206491565231e+01 -1.128206491565232e+01 -6.804050876810864e+01
5.86000000e+10 -5.985812273511211e+01 -6.370179032512925e+00 -6.370179032512925e+00 -6.032754053638308e+01
5.95000000e+10 -5.651520152388173e+01 -9.688680697889588e-06 -9.688680706568543e-06 -5.651520152387374e+01
6.04000000e+10 -6.301182735803450e+01 -2.170709373442901e-06 -2.170709379228867e-06 -6.301182735803390e+01
6.13000000e+10 -6.684624411599165e+01 -8.977593755846427e-07 -8.977593669056946e-07 -6.684624411598399e+01
6.22000000e+10 -6.954720688861909e+01 -4.820184379313409e-07 -4.820184340740307e-07 -6.954720688867461e+01
6.31000000e+10 -7.140523550034307e+01 -3.142394945616000e-07 -3.142394935972725e-07 -7.140523550039501e+01
6.40000000e+10 -7.256428293677934e+01 -2.406334663785706e-07 -2.406334769861731e-07 -7.256428293680067e+01
6.49000000e+10 -7.317455199964306e+01 -2.090880132456271e-07 -2.090880103526447e-07 -7.317455199957696e+01
6.58000000e+10 -7.339574038700766e+01 -1.987056835519727e-07 -1.987056758373528e-07 -7.339574038703378e+01
6.67000000e+10 -7.336876830662385e+01 -1.999435984638147e-07 -1.999435984638147e-07 -7.336876830660050e+01
6.76000000e+10 -7.319935878558157e+01 -2.078971035116365e-07 -2.078971112262565e-07 -7.319935878556923e+01
6.85000000e+10 -7.295799172589776e+01 -2.197784774078531e-07 -2.197784648715957e-07 -7.295799172586118e+01
6.94000000e+10 -7.268748352485170e+01 -2.339030892196864e-07 -2.339030969343063e-07 -7.268748352484783e+01
7.03000000e+10 -7.241144078614900e+01 -2.492528993866935e-07 -2.492529099942959e-07 -7.241144078616526e+01
7.12000000e+10 -7.214102672694241e+01 -2.652660376781677e-07 -2.652660289992203e-07 -7.214102672697992e+01
7.21000000e+10 -7.187974350222362e+01 -2.817150028474693e-07 -2.817150018831418e-07 -7.187974350224111e+01
7.30000000e+10 -7.162665915500058e+01 -2.986196552219307e-07 -2.986196639008781e-07 -7.162665915493018e+01
7.39000000e+10 -7.137857363662255e+01 -3.161746028443370e-07 -3.161746086303019e-07 -7.137857363663888e+01
7.48000000e+10 -7.113149471140582e+01 -3.346839309676808e-07 -3.346839300033532e-07 -7.113149471139137e+01
7.57000000e+10 -7.088165579517855e+01 -3.545020415284084e-07 -3.545020357424435e-07 -7.088165579519183e+01
7.66000000e+10 -7.062620263692600e+01 -3.759794000818114e-07 -3.759794000818114e-07 -7.062620263695155e+01
7.75000000e+10 -7.036361147321799e+01 -3.994139182667891e-07 -3.994138941586013e-07 -7.036361147326187e+01
7.84000000e+10 -7.009387287219459e+01 -4.250079486560085e-07 -4.250079293694582e-07 -7.009387287221257e+01
7.93000000e+10 -6.981847307048685e+01 -4.528319161071129e-07 -4.528319083924927e-07 -6.981847307044697e+01
8.02000000e+10 -6.954021548046855e+01 -4.827950166692515e-07 -4.827950089546313e-07 -6.954021548045489e+01
8.11000000e+10 -6.926293675174803e+01 -5.146247400853111e-07 -5.146247381566560e-07 -6.926293675178839e+01
8.20000000e+10 -6.899117560808658e+01 -5.478564299783708e-07 -5.478564338356809e-07 -6.899117560808142e+01
8.29000000e+10 -6.872984597313740e+01 -5.818348595585448e-07 -5.818348441293042e-07 -6.872984597309110e+01
8.38000000e+10 -6.848395130953568e+01 -6.157284544854099e-07 -6.157284390561694e-07 -6.848395130952494e+01
8.47000000e+10 -6.825835972620597e+01 -6.485573490097317e-07 -6.485573133296128e-07 -6.825835972625801e+01
8.56000000e+10 -6.805764394413963e+01 -6.792348510912789e-07 -6.792348327690557e-07 -6.805764394410124e+01
8.65000000e+10 -6.788597923579077e+01 -7.066208159998446e-07 -7.066208150355171e-07 -6.788597923582999e+01
8.74000000e+10 -6.774708638126718e+01 -7.295846882670034e-07 -7.295846959816238e-07 -6.774708638129430e+01
8.83000000e+10 -6.764420452146453e+01 -7.470744443607717e-07 -7.470744491824095e-07 -6.764420452158133e+01
8.92000000e+10 -6.758007906260897e+01 -7.581871988272003e-07 -7.581871766476667e-07 -6.758007906265838e+01
9.01000000e+10 -6.755695115090907e+01 -7.622355982498571e-07 -7.622356262153561e-07 -6.755695115083755e+01
9.10000000e+10 -6.757653672651584e+01 -7.588058506311344e-07 -7.588058622030651e-07 -6.757653672649904e+01
9.19000000e+10 -6.763998430408330e+01 -7.478008173371664e-07 -7.478007903359952e-07 -6.763998430398827e+01
9.28000000e+10 -6.774780130487738e+01 -7.294646130937656e-07 -7.294646034504900e-07 -6.774780130484420e+01
9.37000000e+10 -6.789973929991378e+01 -7.043855317519843e-07 -7.043855317519843e-07 -6.789973929989556e+01
9.46000000e+10 -6.809462968950933e+01 -6.734748397528722e-07 -6.734748609680779e-07 -6.809462968952489e+01
9.55000000e+10 -6.833016461475955e+01 -6.379224353718890e-07 -6.379224324789064e-07 -6.833016461474982e+01
9.64000000e+10 -6.860262565850756e+01 -5.991309446347001e-07 -5.991310198522477e-07 -6.860262565860992e+01
9.73000000e+10 -6.890657861527248e+01 -5.586328016754304e-07 -5.586328064970682e-07 -6.890657861535878e+01
9.82000000e+10 -6.923458016247095e+01 -5.179958497438595e-07 -5.179959076035109e-07 -6.923458016246262e+01
9.91000000e+10 -6.957698353661539e+01 -4.787248370754791e-07 -4.787248669696321e-07 -6.957698353666474e+01
1.00000000e+11 -6.992197935518674e+01 -4.421670526249335e-07 -4.421670690185013e-07 -6.992197935534483e+01
1.00000000e+11 -3.020773254431889e+01 -4.212347970201197e-02 -4.212347970200615e-02 -3.033335654806713e+01
1.00000000e+11 -6.963390771016029e+01 -1.685943563751023e-04 -1.685943563847457e-04 -6.964523324869472e+01
1.00000000e+11 -6.992197935518634e+01 -4.421670478032960e-07 -4.421671085559295e-07 -6.992197935523211e+01
1.00000000e+10 -3.331960033591044e+01 -5.282189868581532e+01 -5.282189868581532e+01 -3.471986899875930e+01
1.00000000e+10 -3.316415774056425e+01 -5.281653259461233e+01 -5.281653259461233e+01 -3.459861097057471e+01
1.00000000e+11 -3.053463711868719e+01 -3.841604624417583e-03 -3.841604624418548e-03 -3.053463711868692e+01
1.00000000e+11 -6.992197935530676e+01 -4.421670902337066e-07 -4.421670902337066e-07 -6.992197935525863e+01
1.00000000e+10 -3.316415774056425e+01 -5.281653259461234e+01 -5.281653259461234e+01 -3.459861097057461e+01
1.00000000e+12 3.857309866213148e-15 -2.235937598133668e+02 -2.235937598133668e+02 3.857309866213148e-15
1.00000000e+11 -3.053463711868628e+01 -3.841604624425301e-03 -3.841604624403112e-03 -3.053463711868681e+01
1.00000000e+13 0.000000000000000e+00 -3.153575758061947e+02 -3.153575758061947e+02 0.000000000000000e+00
1.00000000e+12 3.857309866213148e-15 -2.235937598133666e+02 -2.235937598133666e+02 3.857309866213148e-15
1.00000000e+01 -1.899873928250390e-02 -1.658716424238934e+02 -1.658716424238941e+02 2.978164371260535e-03
1.00000000e+12 -8.839760438389193e-01 -7.347931801381698e+00 -7.347931801383343e+00 -8.839760438821371e-01
1.00000000e+11 -1.103105498736004e+02 -4.043328634520688e-11 -4.043135769027377e-11 -1.103105498732670e+02
5.00000000e+11 -9.456060970337447e+00 -5.224425056933338e-01 -5.224425056934352e-01 -9.456060970336182e+00
5.00000000e+11 -3.749579015166362e-01 -1.082414817991010e+01 -1.082414817990617e+01 -3.749579015121748e-01
5.00000000e+11 -4.032018121532426e-01 -1.052265964781645e+01 -1.052265964781661e+01 -4.032018121533062e-01
1.00000000e+11 -3.053463711868560e+01 -3.841604624407935e-03 -3.841604624384781e-03 -3.053463711868613e+01
5.00000000e+10 -3.646443231001287e+01 -2.835512936105404e+01 -2.835512936105405e+01 -3.825132333499911e+01
7.00000000e+10 -3.583970282462354e+01 -1.132063089894471e-03 -1.132063089890613e-03 -3.583970282462194e+01
7.00000000e+10 -7.250318506350001e+01 -2.440426996539131e-07 -2.440427073685331e-07 -7.250318506344207e+01
7.00000000e+10 -7.250318506361333e+01 -2.440427025468956e-07 -2.440427025468956e-07 -7.250318506354832e+01
1.00000000e+11 -3.020773254431909e+01 -4.212347970200325e-02 -4.212347970199937e-02 -3.033335654806638e+01
1.00000000e+11 -3.020773254431891e+01 -4.212347970200227e-02 -4.212347970200615e-02 -3.033335654806722e+01
1.00000000e+11 -3.020773254431969e+01 -4.212347970198096e-02 -4.212347970197805e-02 -3.033335654806754e+01
1.00000000e+11 -6.963390771018668e+01 -1.685943563567797e-04 -1.685943563693162e-04 -6.964523324875013e+01
1.00000000e+11 -6.963390771007472e+01 -1.685943563567797e-04 -1.685943563847457e-04 -6.964523324874081e+01
1.00000000e+11 -1.100635574717025e+02 -4.078261492729905e-07 -4.078261618092481e-07 -1.100648044158409e+02
1.00000000e+11 -1.100635574663717e+02 -4.078261377010604e-07 -4.078261540946280e-07 -1.100648044126769e+02
1.00000000e+11 -1.100635574669600e+02 -4.078261415583704e-07 -4.078261618092481e-07 -1.100648044134525e+02
1.00000000e+10 -1.186074887750168e+02 -5.293879425113764e+01 -5.293879425113764e+01 -1.207149698963065e+02
1.00000000e+10 -1.186074887758383e+02 -5.293879425113764e+01 -5.293879425113764e+01 -1.207149698984007e+02
1.00000000e+11 -1.103105498594307e+02 -4.042750038040754e-11 -4.043521500014000e-11 -1.103105498575234e+02
1.00000000e+11 -1.103105498718539e+02 -4.044100096493935e-11 -4.044100096493935e-11 -1.103105498704262e+02
1.00000000e+10 -3.331960033591083e+01 -5.282189868581532e+01 -5.282189868581530e+01 -3.471986899875935e+01
1.00000000e+11 -3.020773254431832e+01 -4.212347970200131e-02 -4.212347970202263e-02 -3.033335654806628e+01
1.00000000e+11 -3.053463711868340e+01 -3.841604624351980e-03 -3.841604624377063e-03 -3.053463711868360e+01
1.00000000e+11 -1.103105498365801e+02 -4.043039336280722e-11 -4.042267874307475e-11 -1.103105498315936e+02
1.00000000e+11 -3.053463711868563e+01 -3.841604624427231e-03 -3.841604624408900e-03 -3.053463711868548e+01
1.00000000e+11 -1.103105498524231e+02 -4.042750038040754e-11 -4.042942903534065e-11 -1.103105498460312e+02
1.00000000e+11 -1.103105498524374e+02 -4.043425067267344e-11 -4.042942903534065e-11 -1.103105498453798e+02
1.00000000e+11 -1.103105498606857e+02 -4.043039336280722e-11 -4.042557172547443e-11 -1.103105498480215e+02
1.00000000e+11 -1.103105498661856e+02 -4.042846470787410e-11 -4.042557172547443e-11 -1.103105498637304e+02
1.00000000e+11 -1.103105498661856e+02 -4.042846470787410e-11 -4.042557172547443e-11 -1.103105498637304e+02
1.00000000e+11 -1.103105498661856e+02 -4.042846470787410e-11 -4.042557172547443e-11 -1.103105498637304e+02
1.00000000e+11 -1.103105498661856e+02 -4.042846470787410e-11 -4.042557172547443e-11 -1.103105498637304e+02
1.00000000e+11 -1.103105498661856e+02 -4.042846470787410e-11 -4.042557172547443e-11 -1.103105498637304e+02
